/*** CONFIGURATION INFORMATION ***/
"Linux dstat"
"netSpeed = 1000"
"netBandwidth = 1250000"
"netFullDuplex = full"
"netSpeed.eno1 = 1000"
"netBandwidth.eno1 = 1250000"
"netFullDuplex.eno1 = full"
"os_name = Ubuntu 16.04.5 LTS"
"cpu_model = Intel(R) Xeon(R) Gold 5222 CPU @ 3.80GHz"
"cpu_cores = 16"
"cpu_sockets = 2"
"cpu_cores_per_socket = 4"
"cpu_threads_per_core = 2"
"memory_size = 97605068"
"swap_size = 1003516"
"timezoneOffset = -07:00"
"timezoneAbbrev = PDT"
"list_of_ssd = sda(INTEL SSDSCKJB48), nvme0n1(INTEL SSDPE2KX040T8                     ), nvme1n1(INTEL SSDPE2KX040T8                     )"
"list_of_hdd = none"
"pagesize = 4096"
"list_of_md = "
"dataVersion = 6"
"comment = "

/*** START OF PROFILING OUTPUT ***/
"Dstat 0.7.2 CSV output"
"Author:","Dag Wieers <dag@wieers.com>",,,,"URL:","http://dag.wieers.com/home-made/dstat/"
"Host:","server02",,,,"User:","builder"
"Cmdline:","dstat --nocolor --noheaders --epoch --cpu --net -N eno1,total -dD sda,nvme0n1,nvme1n1,loop0 --disk-time --disk-queue --io --mem --page --output .tmp_start_collection",,,,"Date:","28 Apr 2019 23:22:14 PDT"

"epoch","total cpu usage",,,,,,"net/eno1",,"net/total",,"dsk/sda",,"dsk/nvme0n1",,"dsk/nvme1n1",,"dsk/loop0",,"tim/sda",,"tim/nvme0n1",,"tim/nvme1n1",,"tim/loop0",,"qu/sda","qu/nvme0n1","qu/nvme1n1","qu/loop0","io/sda",,"io/nvme0n1",,"io/nvme1n1",,"io/loop0",,"memory usage",,,,"paging",
"epoch","usr","sys","idl","wai","hiq","siq","recv","send","recv","send","read","writ","read","writ","read","writ","read","writ","reads","writs","reads","writs","reads","writs","reads","writs","queue","queue","queue","queue","read","writ","read","writ","read","writ","read","writ","used","buff","cach","free","in","out"
1556518934.626,7.500,1.044,91.102,0.226,0.0,0.128,0.0,0.0,0.0,0.0,5236.649,3938801.116,261.919,2170287.831,59.329,2459476.333,0.027,0.0,41620.0,27325548.0,1372.0,2272848.0,144.0,2488860.0,0.0,0.0,0.0,0.0,0.0,0.0,0.311,249.280,0.046,202.198,0.005,238.672,0.000,0.0,3435126784.0,843247616.0,19515826176.0,76153389056.0,0.0,0.0
1556518935.627,0.0,0.063,99.937,0.0,0.0,0.0,66.0,0.0,66.0,0.0,0.0,0.0,0.0,0.0,0.0,0.0,0.0,0.0,0.0,0.0,0.0,0.0,0.0,0.0,0.0,0.0,0.0,0.0,0.0,0.0,0.0,0.0,0.0,0.0,0.0,0.0,0.0,0.0,3433390080.0,843247616.0,19515834368.0,76155117568.0,0.0,0.0
1556518936.627,0.0,0.125,99.875,0.0,0.0,0.0,744.0,612.0,744.0,612.0,0.0,0.0,0.0,0.0,0.0,0.0,0.0,0.0,0.0,0.0,0.0,0.0,0.0,0.0,0.0,0.0,0.0,0.0,0.0,0.0,0.0,0.0,0.0,0.0,0.0,0.0,0.0,0.0,3433242624.0,843247616.0,19515834368.0,76155265024.0,0.0,0.0
1556518937.627,0.0,0.188,99.812,0.0,0.0,0.0,876.0,612.0,876.0,612.0,0.0,0.0,0.0,0.0,0.0,0.0,0.0,0.0,0.0,0.0,0.0,0.0,0.0,0.0,0.0,0.0,0.0,0.0,0.0,0.0,0.0,0.0,0.0,0.0,0.0,0.0,0.0,0.0,3433242624.0,843247616.0,19515834368.0,76155265024.0,0.0,0.0
1556518938.627,0.062,0.188,99.750,0.0,0.0,0.0,708.0,510.0,708.0,510.0,0.0,0.0,0.0,0.0,0.0,0.0,0.0,0.0,0.0,0.0,0.0,0.0,0.0,0.0,0.0,0.0,0.0,0.0,0.0,0.0,0.0,0.0,0.0,0.0,0.0,0.0,0.0,0.0,3432480768.0,843247616.0,19515834368.0,76156026880.0,0.0,0.0
1556518939.627,0.062,0.250,99.625,0.062,0.0,0.0,708.0,722.0,708.0,722.0,0.0,0.0,0.0,0.0,0.0,0.0,0.0,0.0,0.0,0.0,0.0,0.0,0.0,0.0,0.0,0.0,0.0,0.0,0.0,0.0,0.0,0.0,0.0,0.0,0.0,0.0,0.0,0.0,3432955904.0,843247616.0,19515834368.0,76155551744.0,0.0,0.0
1556518940.627,0.062,0.250,99.688,0.0,0.0,0.0,876.0,714.0,876.0,714.0,0.0,0.0,0.0,32768.0,0.0,0.0,0.0,0.0,0.0,0.0,0.0,0.0,0.0,0.0,0.0,0.0,0.0,0.0,0.0,0.0,0.0,0.0,0.0,8.0,0.0,0.0,0.0,0.0,3432837120.0,843247616.0,19515834368.0,76155670528.0,0.0,0.0
1556518941.627,0.0,0.250,99.750,0.0,0.0,0.0,1448.0,1616.0,1448.0,1616.0,0.0,0.0,0.0,0.0,0.0,0.0,0.0,0.0,0.0,0.0,0.0,0.0,0.0,0.0,0.0,0.0,0.0,0.0,0.0,0.0,0.0,0.0,0.0,0.0,0.0,0.0,0.0,0.0,3432267776.0,843247616.0,19515834368.0,76156239872.0,0.0,0.0
1556518942.627,0.125,0.125,99.750,0.0,0.0,0.0,1008.0,714.0,1008.0,714.0,0.0,0.0,0.0,0.0,0.0,0.0,0.0,0.0,0.0,0.0,0.0,0.0,0.0,0.0,0.0,0.0,0.0,0.0,0.0,0.0,0.0,0.0,0.0,0.0,0.0,0.0,0.0,0.0,3432300544.0,843247616.0,19515834368.0,76156207104.0,0.0,0.0
1556518943.627,0.0,0.188,99.812,0.0,0.0,0.0,66.0,0.0,66.0,0.0,0.0,36864.0,0.0,0.0,0.0,0.0,0.0,0.0,0.0,0.0,0.0,0.0,0.0,0.0,0.0,0.0,0.0,0.0,0.0,0.0,0.0,3.0,0.0,0.0,0.0,0.0,0.0,0.0,3431727104.0,843247616.0,19515834368.0,76156780544.0,0.0,0.0
1556518944.627,0.0,0.188,99.812,0.0,0.0,0.0,168.0,102.0,168.0,102.0,0.0,126976.0,0.0,0.0,0.0,0.0,0.0,0.0,0.0,0.0,0.0,0.0,0.0,0.0,0.0,0.0,0.0,0.0,0.0,0.0,0.0,28.0,0.0,0.0,0.0,0.0,0.0,0.0,3431473152.0,843247616.0,19515834368.0,76157034496.0,0.0,0.0
1556518945.627,0.125,0.125,99.688,0.062,0.0,0.0,162.0,102.0,162.0,102.0,0.0,0.0,0.0,53248.0,0.0,0.0,0.0,0.0,0.0,0.0,0.0,0.0,0.0,0.0,0.0,0.0,0.0,0.0,0.0,0.0,0.0,0.0,0.0,13.0,0.0,0.0,0.0,0.0,3431346176.0,843247616.0,19515834368.0,76157161472.0,0.0,0.0
1556518946.627,0.063,0.125,99.812,0.0,0.0,0.0,540.0,408.0,540.0,408.0,0.0,0.0,0.0,12288.0,0.0,0.0,0.0,0.0,0.0,0.0,0.0,0.0,0.0,0.0,0.0,0.0,0.0,0.0,0.0,0.0,0.0,0.0,0.0,3.0,0.0,0.0,0.0,0.0,3431346176.0,843247616.0,19515834368.0,76157161472.0,0.0,0.0
1556518947.627,0.0,0.125,99.875,0.0,0.0,0.0,576.0,510.0,576.0,510.0,0.0,0.0,0.0,0.0,0.0,0.0,0.0,0.0,0.0,0.0,0.0,0.0,0.0,0.0,0.0,0.0,0.0,0.0,0.0,0.0,0.0,0.0,0.0,0.0,0.0,0.0,0.0,0.0,3431120896.0,843247616.0,19515838464.0,76157382656.0,0.0,0.0
1556518948.627,0.062,0.125,99.812,0.0,0.0,0.0,942.0,612.0,942.0,612.0,0.0,0.0,0.0,0.0,0.0,0.0,0.0,0.0,0.0,0.0,0.0,0.0,0.0,0.0,0.0,0.0,0.0,0.0,0.0,0.0,0.0,0.0,0.0,0.0,0.0,0.0,0.0,0.0,3430834176.0,843247616.0,19515838464.0,76157669376.0,0.0,0.0
1556518949.627,0.0,0.188,99.812,0.0,0.0,0.0,540.0,408.0,540.0,408.0,0.0,81920.0,0.0,0.0,0.0,0.0,0.0,0.0,0.0,0.0,0.0,0.0,0.0,0.0,0.0,0.0,0.0,0.0,0.0,0.0,0.0,7.0,0.0,0.0,0.0,0.0,0.0,0.0,3430707200.0,843247616.0,19515838464.0,76157796352.0,0.0,0.0
1556518950.627,0.0,0.125,99.812,0.062,0.0,0.0,438.0,306.0,438.0,306.0,0.0,0.0,0.0,0.0,0.0,0.0,0.0,0.0,0.0,0.0,0.0,0.0,0.0,0.0,0.0,0.0,0.0,0.0,0.0,0.0,0.0,0.0,0.0,0.0,0.0,0.0,0.0,0.0,3430326272.0,843247616.0,19515838464.0,76158177280.0,0.0,0.0
1556518951.627,0.062,0.187,99.750,0.0,0.0,0.0,708.0,510.0,708.0,510.0,0.0,0.0,0.0,0.0,0.0,0.0,0.0,0.0,0.0,0.0,0.0,0.0,0.0,0.0,0.0,0.0,0.0,0.0,0.0,0.0,0.0,0.0,0.0,0.0,0.0,0.0,0.0,0.0,3430232064.0,843247616.0,19515838464.0,76158271488.0,0.0,0.0
1556518952.627,0.063,0.125,99.812,0.0,0.0,0.0,438.0,306.0,438.0,306.0,4096.0,0.0,0.0,16384.0,0.0,0.0,0.0,0.0,0.0,0.0,0.0,0.0,0.0,0.0,0.0,0.0,0.0,0.0,0.0,0.0,1.0,0.0,0.0,4.0,0.0,0.0,0.0,0.0,3430273024.0,843251712.0,19515838464.0,76158226432.0,0.0,0.0
1556518953.627,0.125,0.125,99.750,0.0,0.0,0.0,774.0,908.0,774.0,908.0,0.0,0.0,0.0,0.0,0.0,0.0,0.0,0.0,0.0,0.0,0.0,0.0,0.0,0.0,0.0,0.0,0.0,0.0,0.0,0.0,0.0,0.0,0.0,0.0,0.0,0.0,0.0,0.0,3429978112.0,843251712.0,19515838464.0,76158521344.0,0.0,0.0
1556518954.627,0.0,0.187,99.750,0.062,0.0,0.0,132.0,0.0,132.0,0.0,0.0,0.0,0.0,0.0,0.0,0.0,0.0,0.0,0.0,0.0,0.0,0.0,0.0,0.0,0.0,0.0,0.0,0.0,0.0,0.0,0.0,0.0,0.0,0.0,0.0,0.0,0.0,0.0,3429801984.0,843251712.0,19515838464.0,76158697472.0,0.0,0.0
1556518955.627,0.0,0.125,99.875,0.0,0.0,0.0,438.0,322.0,438.0,322.0,0.0,49152.0,0.0,0.0,0.0,0.0,0.0,0.0,0.0,0.0,0.0,0.0,0.0,0.0,0.0,0.0,0.0,0.0,0.0,0.0,0.0,3.0,0.0,0.0,0.0,0.0,0.0,0.0,3429675008.0,843251712.0,19515838464.0,76158824448.0,0.0,0.0
1556518956.627,0.062,0.188,99.750,0.0,0.0,0.0,270.0,204.0,270.0,204.0,0.0,0.0,0.0,0.0,0.0,0.0,0.0,0.0,0.0,0.0,0.0,0.0,0.0,0.0,0.0,0.0,0.0,0.0,0.0,0.0,0.0,0.0,0.0,0.0,0.0,0.0,0.0,0.0,3429507072.0,843251712.0,19515838464.0,76158992384.0,0.0,0.0
1556518957.627,0.0,0.188,99.812,0.0,0.0,0.0,3960.0,3432.0,3960.0,3432.0,0.0,0.0,0.0,0.0,0.0,0.0,0.0,0.0,0.0,0.0,0.0,0.0,0.0,0.0,0.0,0.0,0.0,0.0,0.0,0.0,0.0,0.0,0.0,0.0,0.0,0.0,0.0,0.0,3429380096.0,843251712.0,19515838464.0,76159119360.0,0.0,0.0
1556518958.627,0.062,0.125,99.750,0.062,0.0,0.0,1416.0,1020.0,1416.0,1020.0,0.0,0.0,0.0,12288.0,0.0,0.0,0.0,0.0,0.0,0.0,0.0,0.0,0.0,0.0,0.0,0.0,0.0,0.0,0.0,0.0,0.0,0.0,0.0,3.0,0.0,0.0,0.0,0.0,3429408768.0,843251712.0,19515838464.0,76159090688.0,0.0,0.0
1556518959.627,0.187,0.187,99.625,0.0,0.0,0.0,102.0,102.0,102.0,102.0,0.0,0.0,0.0,0.0,0.0,0.0,0.0,0.0,0.0,0.0,0.0,0.0,0.0,0.0,0.0,0.0,0.0,0.0,0.0,0.0,0.0,0.0,0.0,0.0,0.0,0.0,0.0,0.0,3429212160.0,843251712.0,19515838464.0,76159287296.0,0.0,0.0
1556518960.627,0.062,0.250,99.688,0.0,0.0,0.0,336.0,212.0,336.0,212.0,0.0,0.0,0.0,0.0,0.0,0.0,0.0,0.0,0.0,0.0,0.0,0.0,0.0,0.0,0.0,0.0,0.0,0.0,0.0,0.0,0.0,0.0,0.0,0.0,0.0,0.0,0.0,0.0,3428990976.0,843251712.0,19515838464.0,76159508480.0,0.0,0.0
1556518961.627,0.0,0.125,99.875,0.0,0.0,0.0,0.0,0.0,0.0,0.0,0.0,32768.0,0.0,0.0,0.0,0.0,0.0,0.0,0.0,0.0,0.0,0.0,0.0,0.0,0.0,0.0,0.0,0.0,0.0,0.0,0.0,3.0,0.0,0.0,0.0,0.0,0.0,0.0,3429212160.0,843251712.0,19515838464.0,76159287296.0,0.0,0.0
1556518962.627,0.0,0.125,99.875,0.0,0.0,0.0,372.0,306.0,372.0,306.0,0.0,0.0,0.0,0.0,0.0,0.0,0.0,0.0,0.0,0.0,0.0,0.0,0.0,0.0,0.0,0.0,0.0,0.0,0.0,0.0,0.0,0.0,0.0,0.0,0.0,0.0,0.0,0.0,3429195776.0,843251712.0,19515838464.0,76159303680.0,0.0,0.0
1556518963.627,0.063,0.188,99.750,0.0,0.0,0.0,234.0,102.0,234.0,102.0,0.0,0.0,0.0,0.0,0.0,0.0,0.0,0.0,0.0,0.0,0.0,0.0,0.0,0.0,0.0,0.0,0.0,0.0,0.0,0.0,0.0,0.0,0.0,0.0,0.0,0.0,0.0,0.0,3429228544.0,843251712.0,19515838464.0,76159270912.0,0.0,0.0
1556518964.627,0.062,0.250,99.625,0.062,0.0,0.0,270.0,204.0,270.0,204.0,0.0,0.0,0.0,12288.0,0.0,0.0,0.0,0.0,0.0,0.0,0.0,0.0,0.0,0.0,0.0,0.0,0.0,0.0,0.0,0.0,0.0,0.0,0.0,3.0,0.0,0.0,0.0,0.0,3428765696.0,843251712.0,19515842560.0,76159729664.0,0.0,0.0
1556518965.627,0.125,0.125,99.750,0.0,0.0,0.0,438.0,306.0,438.0,306.0,0.0,0.0,0.0,16384.0,0.0,0.0,0.0,0.0,0.0,0.0,0.0,0.0,0.0,0.0,0.0,0.0,0.0,0.0,0.0,0.0,0.0,0.0,0.0,2.0,0.0,0.0,0.0,0.0,3428765696.0,843251712.0,19515842560.0,76159729664.0,0.0,0.0
1556518966.627,0.062,0.187,99.750,0.0,0.0,0.0,0.0,0.0,0.0,0.0,0.0,0.0,0.0,0.0,0.0,0.0,0.0,0.0,0.0,0.0,0.0,0.0,0.0,0.0,0.0,0.0,0.0,0.0,0.0,0.0,0.0,0.0,0.0,0.0,0.0,0.0,0.0,0.0,3428704256.0,843251712.0,19515842560.0,76159791104.0,0.0,0.0
1556518967.627,0.0,0.125,99.875,0.0,0.0,0.0,0.0,0.0,0.0,0.0,0.0,0.0,0.0,0.0,0.0,0.0,0.0,0.0,0.0,0.0,0.0,0.0,0.0,0.0,0.0,0.0,0.0,0.0,0.0,0.0,0.0,0.0,0.0,0.0,0.0,0.0,0.0,0.0,3428696064.0,843251712.0,19515842560.0,76159799296.0,0.0,0.0
1556518968.627,2.308,0.374,97.255,0.062,0.0,0.0,168.0,220.0,168.0,220.0,0.0,0.0,0.0,0.0,0.0,0.0,0.0,0.0,0.0,0.0,0.0,0.0,0.0,0.0,0.0,0.0,0.0,0.0,0.0,0.0,0.0,0.0,0.0,0.0,0.0,0.0,0.0,0.0,3473141760.0,843251712.0,19515842560.0,76115353600.0,0.0,0.0
1556518969.627,8.976,5.752,84.956,0.126,0.0,0.190,1397.0,1079.0,1397.0,1223.0,0.0,30588928.0,0.0,4096.0,0.0,0.0,0.0,0.0,0.0,3052.0,0.0,0.0,0.0,0.0,0.0,0.0,0.0,0.0,0.0,0.0,0.0,407.0,0.0,1.0,0.0,0.0,0.0,0.0,3655319552.0,843251712.0,19543298048.0,75905720320.0,0.0,0.0
1556518970.627,4.956,2.196,92.472,0.125,0.0,0.251,228.0,286.0,228.0,2405.0,0.0,2617344.0,0.0,49152.0,0.0,0.0,0.0,0.0,0.0,36.0,0.0,0.0,0.0,0.0,0.0,0.0,0.0,0.0,0.0,0.0,0.0,266.0,0.0,12.0,0.0,0.0,0.0,0.0,3611353088.0,843251712.0,19543592960.0,75949391872.0,0.0,0.0
1556518971.627,7.536,6.586,85.497,0.127,0.0,0.253,750.0,720.0,750.0,5954.0,0.0,3325952.0,0.0,0.0,0.0,1171456.0,0.0,0.0,0.0,24.0,0.0,0.0,0.0,0.0,0.0,0.0,0.0,0.0,0.0,0.0,0.0,335.0,0.0,0.0,0.0,70.0,0.0,0.0,3680260096.0,843251712.0,19541499904.0,75882577920.0,0.0,0.0
1556518972.626,9.182,1.887,88.805,0.063,0.0,0.063,375.0,372.0,375.0,12916.0,0.0,499712.0,0.0,13488128.0,0.0,0.0,0.0,0.0,0.0,0.0,0.0,88.0,0.0,0.0,0.0,0.0,0.0,0.0,0.0,0.0,0.0,23.0,0.0,825.0,0.0,0.0,0.0,0.0,3733549056.0,843251712.0,19528245248.0,75842543616.0,0.0,0.0
1556518973.627,9.461,3.195,87.155,0.063,0.0,0.125,1059.0,770.0,1059.0,7713.0,0.0,1347584.0,0.0,0.0,0.0,10031104.0,0.0,0.0,0.0,4.0,0.0,0.0,0.0,32.0,0.0,0.0,0.0,0.0,0.0,0.0,0.0,127.0,0.0,0.0,0.0,514.0,0.0,0.0,3831357440.0,843251712.0,19493675008.0,75779305472.0,0.0,0.0
1556518974.627,1.563,0.500,97.874,0.0,0.0,0.063,309.0,152.0,309.0,5098.0,0.0,0.0,0.0,0.0,0.0,3424256.0,0.0,0.0,0.0,0.0,0.0,0.0,0.0,4.0,0.0,0.0,0.0,0.0,0.0,0.0,0.0,0.0,0.0,0.0,0.0,303.0,0.0,0.0,3833249792.0,843251712.0,19487547392.0,75783540736.0,0.0,0.0
1556518975.627,0.125,0.376,99.499,0.0,0.0,0.0,618.0,304.0,618.0,6120.0,0.0,0.0,0.0,0.0,0.0,0.0,0.0,0.0,0.0,0.0,0.0,0.0,0.0,0.0,0.0,0.0,0.0,0.0,0.0,0.0,0.0,0.0,0.0,0.0,0.0,0.0,0.0,0.0,3833499648.0,843251712.0,19487318016.0,75783520256.0,0.0,0.0
1556518976.627,2.943,0.564,96.431,0.063,0.0,0.0,309.0,278.0,309.0,2494.0,0.0,0.0,0.0,0.0,0.0,0.0,0.0,0.0,0.0,0.0,0.0,0.0,0.0,0.0,0.0,0.0,0.0,0.0,0.0,0.0,0.0,0.0,0.0,0.0,0.0,0.0,0.0,0.0,3870212096.0,843251712.0,19487318016.0,75746807808.0,0.0,0.0
1556518977.627,7.354,2.891,89.692,0.0,0.0,0.063,264.0,908.0,15950.0,18249.0,0.0,364544.0,0.0,61440.0,0.0,0.0,0.0,0.0,0.0,0.0,0.0,0.0,0.0,0.0,0.0,0.0,0.0,0.0,0.0,0.0,0.0,46.0,0.0,15.0,0.0,0.0,0.0,0.0,3718610944.0,843251712.0,19514449920.0,75871277056.0,0.0,0.0
1556518978.627,3.492,4.063,92.127,0.063,0.0,0.254,1743.0,1192.0,2159.0,1.84467440737e+19,0.0,1380352.0,0.0,0.0,0.0,0.0,0.0,0.0,0.0,0.0,0.0,0.0,0.0,0.0,0.0,0.0,0.0,0.0,0.0,0.0,0.0,212.0,0.0,0.0,0.0,0.0,0.0,0.0,3622871040.0,843251712.0,19514515456.0,75966951424.0,0.0,0.0
1556518979.627,1.067,1.255,97.677,0.0,0.0,0.0,441.0,254.0,1.84467440737e+19,1.84467440737e+19,0.0,319488.0,0.0,0.0,0.0,0.0,0.0,0.0,0.0,0.0,0.0,0.0,0.0,0.0,0.0,0.0,0.0,0.0,0.0,0.0,0.0,58.0,0.0,0.0,0.0,0.0,0.0,0.0,3607552000.0,843251712.0,19514437632.0,75982348288.0,0.0,0.0
1556518980.627,1.508,0.251,98.240,0.0,0.0,0.0,309.0,152.0,309.0,222.0,0.0,0.0,0.0,258048.0,0.0,36864.0,0.0,0.0,0.0,0.0,0.0,0.0,0.0,0.0,0.0,0.0,0.0,0.0,0.0,0.0,0.0,0.0,0.0,63.0,0.0,9.0,0.0,0.0,3605995520.0,843251712.0,19514433536.0,75983908864.0,0.0,0.0
1556518981.627,0.0,0.125,99.875,0.0,0.0,0.0,0.0,0.0,0.0,0.0,0.0,0.0,0.0,0.0,0.0,450560.0,0.0,0.0,0.0,0.0,0.0,0.0,0.0,0.0,0.0,0.0,0.0,0.0,0.0,0.0,0.0,0.0,0.0,0.0,0.0,104.0,0.0,0.0,3604959232.0,843251712.0,19514429440.0,75984949248.0,0.0,0.0
1556518982.627,0.125,0.125,99.687,0.063,0.0,0.0,0.0,0.0,0.0,0.0,0.0,0.0,0.0,0.0,0.0,0.0,0.0,0.0,0.0,0.0,0.0,0.0,0.0,0.0,0.0,0.0,0.0,0.0,0.0,0.0,0.0,0.0,0.0,0.0,0.0,0.0,0.0,0.0,3604197376.0,843251712.0,19514429440.0,75985711104.0,0.0,0.0
1556518983.627,0.0,0.125,99.875,0.0,0.0,0.0,0.0,0.0,0.0,0.0,0.0,0.0,0.0,12288.0,0.0,0.0,0.0,0.0,0.0,0.0,0.0,0.0,0.0,0.0,0.0,0.0,0.0,0.0,0.0,0.0,0.0,0.0,0.0,3.0,0.0,0.0,0.0,0.0,3603308544.0,843251712.0,19514429440.0,75986599936.0,0.0,0.0
1556518984.627,0.062,0.125,99.750,0.062,0.0,0.0,0.0,0.0,0.0,261.0,0.0,0.0,0.0,0.0,0.0,0.0,0.0,0.0,0.0,0.0,0.0,0.0,0.0,0.0,0.0,0.0,0.0,0.0,0.0,0.0,0.0,0.0,0.0,0.0,0.0,0.0,0.0,0.0,3602927616.0,843251712.0,19514429440.0,75986980864.0,0.0,0.0
1556518985.627,0.625,0.375,99.0,0.0,0.0,0.0,0.0,0.0,0.0,0.0,0.0,40960.0,0.0,0.0,0.0,0.0,0.0,0.0,0.0,0.0,0.0,0.0,0.0,0.0,0.0,0.0,0.0,0.0,0.0,0.0,0.0,3.0,0.0,0.0,0.0,0.0,0.0,0.0,3580600320.0,843251712.0,19514429440.0,76009308160.0,0.0,0.0
1556518986.627,0.438,0.188,99.375,0.0,0.0,0.0,0.0,0.0,0.0,321.0,0.0,0.0,0.0,0.0,0.0,90112.0,0.0,0.0,0.0,0.0,0.0,0.0,0.0,0.0,0.0,0.0,0.0,0.0,0.0,0.0,0.0,0.0,0.0,0.0,0.0,22.0,0.0,0.0,3545468928.0,843251712.0,19514429440.0,76044439552.0,0.0,0.0
1556518987.627,0.439,1.443,98.055,0.0,0.0,0.063,0.0,0.0,0.0,214.0,0.0,20480.0,0.0,0.0,0.0,0.0,0.0,0.0,0.0,0.0,0.0,0.0,0.0,0.0,0.0,0.0,0.0,0.0,0.0,0.0,0.0,14.0,0.0,0.0,0.0,0.0,0.0,0.0,3526287360.0,843251712.0,19514429440.0,76063621120.0,0.0,0.0
1556518988.627,5.738,2.585,91.236,0.126,0.0,0.315,2081.0,2991.0,1.84467440737e+19,1.84467440737e+19,0.0,2527232.0,0.0,0.0,0.0,0.0,0.0,0.0,0.0,16.0,0.0,0.0,0.0,0.0,0.0,0.0,0.0,0.0,0.0,0.0,0.0,198.0,0.0,0.0,0.0,0.0,0.0,0.0,3436634112.0,843251712.0,19487105024.0,76180598784.0,0.0,0.0
1556518989.627,0.063,0.188,99.750,0.0,0.0,0.0,573.0,152.0,573.0,152.0,0.0,0.0,0.0,16384.0,0.0,0.0,0.0,0.0,0.0,0.0,0.0,0.0,0.0,0.0,0.0,0.0,0.0,0.0,0.0,0.0,0.0,0.0,0.0,4.0,0.0,0.0,0.0,0.0,3436417024.0,843251712.0,19486158848.0,76181762048.0,0.0,0.0
1556518990.627,0.0,0.125,99.875,0.0,0.0,0.0,0.0,0.0,0.0,0.0,0.0,0.0,0.0,0.0,0.0,0.0,0.0,0.0,0.0,0.0,0.0,0.0,0.0,0.0,0.0,0.0,0.0,0.0,0.0,0.0,0.0,0.0,0.0,0.0,0.0,0.0,0.0,0.0,3436449792.0,843251712.0,19486158848.0,76181729280.0,0.0,0.0
1556518991.627,0.062,0.250,99.688,0.0,0.0,0.0,0.0,0.0,0.0,0.0,0.0,0.0,0.0,0.0,0.0,81920.0,0.0,0.0,0.0,0.0,0.0,0.0,0.0,0.0,0.0,0.0,0.0,0.0,0.0,0.0,0.0,0.0,0.0,0.0,0.0,20.0,0.0,0.0,3435560960.0,843251712.0,19486158848.0,76182618112.0,0.0,0.0
1556518992.627,0.062,0.187,99.750,0.0,0.0,0.0,0.0,0.0,0.0,0.0,0.0,0.0,0.0,0.0,0.0,0.0,0.0,0.0,0.0,0.0,0.0,0.0,0.0,0.0,0.0,0.0,0.0,0.0,0.0,0.0,0.0,0.0,0.0,0.0,0.0,0.0,0.0,0.0,3434799104.0,843251712.0,19486158848.0,76183379968.0,0.0,0.0
1556518993.627,0.0,0.125,99.812,0.063,0.0,0.0,0.0,0.0,0.0,0.0,0.0,0.0,0.0,0.0,0.0,0.0,0.0,0.0,0.0,0.0,0.0,0.0,0.0,0.0,0.0,0.0,0.0,0.0,0.0,0.0,0.0,0.0,0.0,0.0,0.0,0.0,0.0,0.0,3434799104.0,843251712.0,19486158848.0,76183379968.0,0.0,0.0
1556518994.627,0.125,0.125,99.750,0.0,0.0,0.0,0.0,0.0,0.0,0.0,0.0,987136.0,0.0,0.0,0.0,0.0,0.0,0.0,0.0,0.0,0.0,0.0,0.0,0.0,0.0,0.0,0.0,0.0,0.0,0.0,0.0,113.0,0.0,0.0,0.0,0.0,0.0,0.0,3434164224.0,843251712.0,19486158848.0,76184014848.0,0.0,0.0
1556518995.627,0.062,0.188,99.750,0.0,0.0,0.0,0.0,0.0,0.0,0.0,0.0,0.0,0.0,12288.0,0.0,0.0,0.0,0.0,0.0,0.0,0.0,0.0,0.0,0.0,0.0,0.0,0.0,0.0,0.0,0.0,0.0,0.0,0.0,3.0,0.0,0.0,0.0,0.0,3433529344.0,843251712.0,19486158848.0,76184649728.0,0.0,0.0
1556518996.627,0.0,0.250,99.750,0.0,0.0,0.0,174.0,1020.0,174.0,1020.0,0.0,0.0,0.0,0.0,0.0,0.0,0.0,0.0,0.0,0.0,0.0,0.0,0.0,0.0,0.0,0.0,0.0,0.0,0.0,0.0,0.0,0.0,0.0,0.0,0.0,0.0,0.0,0.0,3433529344.0,843251712.0,19486158848.0,76184649728.0,0.0,0.0
1556518997.627,0.125,0.312,99.438,0.062,0.0,0.062,696.0,10930.0,696.0,10930.0,0.0,0.0,0.0,0.0,0.0,0.0,0.0,0.0,0.0,0.0,0.0,0.0,0.0,0.0,0.0,0.0,0.0,0.0,0.0,0.0,0.0,0.0,0.0,0.0,0.0,0.0,0.0,0.0,3433111552.0,843251712.0,19486162944.0,76185063424.0,0.0,0.0
1556518998.627,0.0,0.125,99.875,0.0,0.0,0.0,1056.0,29792.0,1056.0,29792.0,0.0,0.0,0.0,0.0,0.0,0.0,0.0,0.0,0.0,0.0,0.0,0.0,0.0,0.0,0.0,0.0,0.0,0.0,0.0,0.0,0.0,0.0,0.0,0.0,0.0,0.0,0.0,0.0,3432222720.0,843251712.0,19486162944.0,76185952256.0,0.0,0.0
1556518999.627,0.062,0.312,99.625,0.0,0.0,0.0,0.0,0.0,0.0,0.0,0.0,0.0,0.0,0.0,0.0,0.0,0.0,0.0,0.0,0.0,0.0,0.0,0.0,0.0,0.0,0.0,0.0,0.0,0.0,0.0,0.0,0.0,0.0,0.0,0.0,0.0,0.0,0.0,3431251968.0,843251712.0,19486162944.0,76186923008.0,0.0,0.0
1556519000.627,0.0,0.125,99.875,0.0,0.0,0.0,168.0,150.0,168.0,150.0,0.0,53248.0,0.0,20480.0,0.0,0.0,0.0,0.0,0.0,0.0,0.0,0.0,0.0,0.0,0.0,0.0,0.0,0.0,0.0,0.0,0.0,3.0,0.0,4.0,0.0,0.0,0.0,0.0,3430236160.0,843251712.0,19486158848.0,76187942912.0,0.0,0.0
1556519001.627,0.063,0.125,99.812,0.0,0.0,0.0,168.0,214.0,168.0,214.0,0.0,0.0,0.0,69632.0,0.0,0.0,0.0,0.0,0.0,0.0,0.0,0.0,0.0,0.0,0.0,0.0,0.0,0.0,0.0,0.0,0.0,0.0,0.0,17.0,0.0,0.0,0.0,0.0,3429380096.0,843251712.0,19486158848.0,76188798976.0,0.0,0.0
1556519002.627,0.0,0.125,99.875,0.0,0.0,0.0,0.0,0.0,0.0,0.0,0.0,0.0,0.0,0.0,0.0,0.0,0.0,0.0,0.0,0.0,0.0,0.0,0.0,0.0,0.0,0.0,0.0,0.0,0.0,0.0,0.0,0.0,0.0,0.0,0.0,0.0,0.0,0.0,3428966400.0,843251712.0,19486158848.0,76189212672.0,0.0,0.0
1556519003.627,4.875,0.875,94.188,0.062,0.0,0.0,234.0,394.0,234.0,394.0,0.0,0.0,0.0,4096.0,0.0,45056.0,0.0,0.0,0.0,0.0,0.0,0.0,0.0,0.0,0.0,0.0,0.0,0.0,0.0,0.0,0.0,0.0,0.0,1.0,0.0,11.0,0.0,0.0,3512758272.0,843251712.0,19513692160.0,76077887488.0,0.0,0.0
1556519004.627,8.312,7.179,84.320,0.063,0.0,0.126,1265.0,1025.0,1265.0,1725.0,0.0,3526656.0,0.0,0.0,0.0,0.0,0.0,0.0,0.0,64.0,0.0,0.0,0.0,0.0,0.0,0.0,0.0,0.0,0.0,0.0,0.0,329.0,0.0,0.0,0.0,0.0,0.0,0.0,3655708672.0,843251712.0,19513565184.0,75935064064.0,0.0,0.0
1556519005.627,2.072,0.753,96.736,0.377,0.0,0.063,66.0,110.0,66.0,1238.0,0.0,29487104.0,0.0,172032.0,0.0,0.0,0.0,0.0,0.0,4524.0,0.0,0.0,0.0,0.0,0.0,0.0,0.0,0.0,0.0,0.0,0.0,279.0,0.0,36.0,0.0,0.0,0.0,0.0,3610300416.0,843251712.0,19514003456.0,75980034048.0,0.0,0.0
1556519006.627,2.562,1.062,96.188,0.062,0.0,0.125,684.0,728.0,684.0,8350.0,0.0,1183744.0,0.0,0.0,0.0,0.0,0.0,0.0,0.0,24.0,0.0,0.0,0.0,0.0,0.0,0.0,0.0,0.0,0.0,0.0,0.0,131.0,0.0,0.0,0.0,56.0,0.0,0.0,3568730112.0,843251712.0,19514159104.0,76021448704.0,0.0,0.0
1556519007.627,10.838,9.578,79.143,0.189,0.0,0.252,882.0,728.0,882.0,5355.0,0.0,4722688.0,0.0,2781184.0,0.0,1499136.0,0.0,0.0,0.0,56.0,0.0,32.0,0.0,20.0,0.0,0.0,0.0,0.0,0.0,0.0,0.0,459.0,0.0,679.0,0.0,310.0,0.0,0.0,3733467136.0,843251712.0,19514527744.0,75856343040.0,0.0,0.0
1556519008.627,2.126,1.126,96.623,0.0,0.0,0.125,66.0,110.0,66.0,6798.0,0.0,200704.0,0.0,0.0,0.0,1523712.0,0.0,0.0,0.0,0.0,0.0,0.0,0.0,4.0,0.0,0.0,0.0,0.0,0.0,0.0,0.0,13.0,0.0,0.0,0.0,369.0,0.0,0.0,3686785024.0,843251712.0,19487264768.0,75930288128.0,0.0,0.0
1556519009.627,0.063,0.314,99.623,0.0,0.0,0.0,1545.0,760.0,1545.0,6066.0,0.0,0.0,0.0,0.0,0.0,0.0,0.0,0.0,0.0,0.0,0.0,0.0,0.0,0.0,0.0,0.0,0.0,0.0,0.0,0.0,0.0,0.0,0.0,0.0,0.0,0.0,0.0,0.0,3686817792.0,843251712.0,19487465472.0,75930054656.0,0.0,0.0
1556519010.627,0.063,0.251,99.686,0.0,0.0,0.0,309.0,152.0,309.0,6565.0,0.0,0.0,0.0,0.0,0.0,0.0,0.0,0.0,0.0,0.0,0.0,0.0,0.0,0.0,0.0,0.0,0.0,0.0,0.0,0.0,0.0,0.0,0.0,0.0,0.0,0.0,0.0,0.0,3686940672.0,843251712.0,19487465472.0,75929931776.0,0.0,0.0
1556519011.627,6.262,1.127,92.549,0.063,0.0,0.0,66.0,118.0,2780.0,5157.0,0.0,0.0,0.0,0.0,0.0,0.0,0.0,0.0,0.0,0.0,0.0,0.0,0.0,0.0,0.0,0.0,0.0,0.0,0.0,0.0,0.0,0.0,0.0,0.0,0.0,0.0,0.0,0.0,3730432000.0,843251712.0,19487469568.0,75886436352.0,0.0,0.0
1556519012.627,5.164,3.715,90.995,0.0,0.0,0.126,573.0,1188.0,16860.0,8642.0,0.0,593920.0,0.0,61440.0,0.0,0.0,0.0,0.0,0.0,4.0,0.0,0.0,0.0,0.0,0.0,0.0,0.0,0.0,0.0,0.0,0.0,108.0,0.0,15.0,0.0,0.0,0.0,0.0,3667677184.0,843251712.0,19514994688.0,75921666048.0,0.0,0.0
1556519013.627,3.549,3.485,92.649,0.127,0.0,0.190,1434.0,1150.0,1.84467440737e+19,1.84467440737e+19,0.0,1433600.0,0.0,0.0,0.0,196608.0,0.0,0.0,0.0,12.0,0.0,0.0,0.0,0.0,0.0,0.0,0.0,0.0,0.0,0.0,0.0,195.0,0.0,0.0,0.0,45.0,0.0,0.0,3612762112.0,843251712.0,19514675200.0,75976900608.0,0.0,0.0
1556519014.627,0.125,0.313,99.562,0.0,0.0,0.0,375.0,152.0,375.0,539.0,0.0,0.0,0.0,0.0,0.0,53248.0,0.0,0.0,0.0,0.0,0.0,0.0,0.0,0.0,0.0,0.0,0.0,0.0,0.0,0.0,0.0,0.0,0.0,0.0,0.0,13.0,0.0,0.0,3607302144.0,843251712.0,19514585088.0,75982450688.0,0.0,0.0
1556519015.627,0.063,0.125,99.812,0.0,0.0,0.0,0.0,0.0,0.0,70.0,0.0,0.0,0.0,200704.0,0.0,0.0,0.0,0.0,0.0,0.0,0.0,0.0,0.0,0.0,0.0,0.0,0.0,0.0,0.0,0.0,0.0,0.0,0.0,49.0,0.0,0.0,0.0,0.0,3606028288.0,843251712.0,19514580992.0,75983728640.0,0.0,0.0
1556519016.627,0.0,0.125,99.875,0.0,0.0,0.0,0.0,0.0,0.0,0.0,0.0,0.0,0.0,0.0,0.0,0.0,0.0,0.0,0.0,0.0,0.0,0.0,0.0,0.0,0.0,0.0,0.0,0.0,0.0,0.0,0.0,0.0,0.0,0.0,0.0,0.0,0.0,0.0,3605520384.0,843251712.0,19514580992.0,75984236544.0,0.0,0.0
1556519017.627,0.0,0.125,99.812,0.063,0.0,0.0,0.0,0.0,0.0,0.0,0.0,0.0,0.0,0.0,0.0,0.0,0.0,0.0,0.0,0.0,0.0,0.0,0.0,0.0,0.0,0.0,0.0,0.0,0.0,0.0,0.0,0.0,0.0,0.0,0.0,0.0,0.0,0.0,3604377600.0,843251712.0,19514580992.0,75985379328.0,0.0,0.0
1556519018.627,0.062,0.187,99.750,0.0,0.0,0.0,0.0,0.0,0.0,0.0,0.0,0.0,0.0,12288.0,0.0,0.0,0.0,0.0,0.0,0.0,0.0,0.0,0.0,0.0,0.0,0.0,0.0,0.0,0.0,0.0,0.0,0.0,0.0,3.0,0.0,0.0,0.0,0.0,3603869696.0,843251712.0,19514580992.0,75985887232.0,0.0,0.0
1556519019.627,0.688,0.438,98.875,0.0,0.0,0.0,0.0,0.0,0.0,261.0,0.0,40960.0,0.0,0.0,0.0,45056.0,0.0,0.0,0.0,0.0,0.0,0.0,0.0,0.0,0.0,0.0,0.0,0.0,0.0,0.0,0.0,3.0,0.0,0.0,0.0,11.0,0.0,0.0,3581227008.0,843251712.0,19514580992.0,76008529920.0,0.0,0.0
1556519020.627,0.063,0.250,99.687,0.0,0.0,0.0,0.0,0.0,0.0,0.0,0.0,28811264.0,0.0,0.0,0.0,0.0,0.0,0.0,0.0,3248.0,0.0,0.0,0.0,0.0,0.0,0.0,0.0,0.0,0.0,0.0,0.0,164.0,0.0,0.0,0.0,0.0,0.0,0.0,3546365952.0,843251712.0,19514580992.0,76043390976.0,0.0,0.0
1556519021.627,0.623,0.187,99.127,0.062,0.0,0.0,0.0,0.0,0.0,428.0,0.0,0.0,0.0,0.0,0.0,0.0,0.0,0.0,0.0,0.0,0.0,0.0,0.0,0.0,0.0,0.0,0.0,0.0,0.0,0.0,0.0,0.0,0.0,0.0,0.0,0.0,0.0,0.0,3545038848.0,843251712.0,19514580992.0,76044718080.0,0.0,0.0
1556519022.627,2.318,2.381,95.113,0.0,0.0,0.188,927.0,558.0,1.84467440737e+19,1.84467440737e+19,0.0,589824.0,0.0,0.0,0.0,0.0,0.0,0.0,0.0,0.0,0.0,0.0,0.0,0.0,0.0,0.0,0.0,0.0,0.0,0.0,0.0,95.0,0.0,0.0,0.0,0.0,0.0,0.0,3526377472.0,843251712.0,19514556416.0,76063404032.0,0.0,0.0
1556519023.627,3.720,2.144,93.947,0.063,0.0,0.126,1352.0,2355.0,1.84467440737e+19,1.84467440737e+19,0.0,2174976.0,0.0,0.0,0.0,0.0,0.0,0.0,0.0,40.0,0.0,0.0,0.0,0.0,0.0,0.0,0.0,0.0,0.0,0.0,0.0,110.0,0.0,0.0,0.0,0.0,0.0,0.0,3436392448.0,843251712.0,19486822400.0,76181123072.0,0.0,0.0
1556519024.627,0.125,0.125,99.750,0.0,0.0,0.0,309.0,152.0,309.0,152.0,0.0,0.0,0.0,16384.0,0.0,0.0,0.0,0.0,0.0,0.0,0.0,0.0,0.0,0.0,0.0,0.0,0.0,0.0,0.0,0.0,0.0,0.0,0.0,4.0,0.0,0.0,0.0,0.0,3436101632.0,843251712.0,19486310400.0,76181925888.0,0.0,0.0
1556519025.627,0.0,0.125,99.875,0.0,0.0,0.0,0.0,0.0,0.0,0.0,0.0,0.0,0.0,0.0,0.0,0.0,0.0,0.0,0.0,0.0,0.0,0.0,0.0,0.0,0.0,0.0,0.0,0.0,0.0,0.0,0.0,0.0,0.0,0.0,0.0,0.0,0.0,0.0,3435941888.0,843251712.0,19486310400.0,76182085632.0,0.0,0.0
1556519026.627,0.0,0.125,99.875,0.0,0.0,0.0,0.0,0.0,0.0,0.0,0.0,0.0,0.0,0.0,0.0,0.0,0.0,0.0,0.0,0.0,0.0,0.0,0.0,0.0,0.0,0.0,0.0,0.0,0.0,0.0,0.0,0.0,0.0,0.0,0.0,0.0,0.0,0.0,3435560960.0,843251712.0,19486310400.0,76182466560.0,0.0,0.0
1556519027.627,0.0,0.188,99.812,0.0,0.0,0.0,0.0,0.0,0.0,0.0,0.0,0.0,0.0,0.0,0.0,0.0,0.0,0.0,0.0,0.0,0.0,0.0,0.0,0.0,0.0,0.0,0.0,0.0,0.0,0.0,0.0,0.0,0.0,0.0,0.0,0.0,0.0,0.0,3434700800.0,843251712.0,19486310400.0,76183326720.0,0.0,0.0
1556519028.627,0.062,0.187,99.750,0.0,0.0,0.0,0.0,0.0,0.0,0.0,0.0,0.0,0.0,0.0,0.0,0.0,0.0,0.0,0.0,0.0,0.0,0.0,0.0,0.0,0.0,0.0,0.0,0.0,0.0,0.0,0.0,0.0,0.0,0.0,0.0,0.0,0.0,0.0,3434799104.0,843251712.0,19486310400.0,76183228416.0,0.0,0.0
1556519029.627,0.063,0.125,99.750,0.063,0.0,0.0,0.0,0.0,0.0,0.0,0.0,118784.0,0.0,0.0,0.0,0.0,0.0,0.0,0.0,0.0,0.0,0.0,0.0,0.0,0.0,0.0,0.0,0.0,0.0,0.0,0.0,3.0,0.0,0.0,0.0,0.0,0.0,0.0,3434418176.0,843251712.0,19486310400.0,76183609344.0,0.0,0.0
1556519030.627,0.0,0.188,99.812,0.0,0.0,0.0,102.0,66.0,102.0,66.0,0.0,0.0,0.0,12288.0,0.0,0.0,0.0,0.0,0.0,0.0,0.0,0.0,0.0,0.0,0.0,0.0,0.0,0.0,0.0,0.0,0.0,0.0,0.0,3.0,0.0,0.0,0.0,0.0,3433779200.0,843251712.0,19486314496.0,76184244224.0,0.0,0.0
1556519031.627,0.0,0.125,99.875,0.0,0.0,0.0,0.0,0.0,0.0,0.0,0.0,0.0,0.0,0.0,0.0,0.0,0.0,0.0,0.0,0.0,0.0,0.0,0.0,0.0,0.0,0.0,0.0,0.0,0.0,0.0,0.0,0.0,0.0,0.0,0.0,0.0,0.0,0.0,3433349120.0,843251712.0,19486314496.0,76184674304.0,0.0,0.0
1556519032.627,0.062,0.125,99.812,0.0,0.0,0.0,0.0,0.0,0.0,0.0,0.0,0.0,0.0,0.0,0.0,0.0,0.0,0.0,0.0,0.0,0.0,0.0,0.0,0.0,0.0,0.0,0.0,0.0,0.0,0.0,0.0,0.0,0.0,0.0,0.0,0.0,0.0,0.0,3433095168.0,843251712.0,19486314496.0,76184928256.0,0.0,0.0
1556519033.627,0.062,0.250,99.688,0.0,0.0,0.0,0.0,0.0,0.0,0.0,0.0,0.0,0.0,0.0,0.0,0.0,0.0,0.0,0.0,0.0,0.0,0.0,0.0,0.0,0.0,0.0,0.0,0.0,0.0,0.0,0.0,0.0,0.0,0.0,0.0,0.0,0.0,0.0,3432030208.0,843251712.0,19486314496.0,76185993216.0,0.0,0.0
1556519034.627,0.0,0.125,99.812,0.062,0.0,0.0,0.0,0.0,0.0,0.0,0.0,0.0,0.0,0.0,0.0,0.0,0.0,0.0,0.0,0.0,0.0,0.0,0.0,0.0,0.0,0.0,0.0,0.0,0.0,0.0,0.0,0.0,0.0,0.0,0.0,0.0,0.0,0.0,3430621184.0,843251712.0,19486310400.0,76187406336.0,0.0,0.0
1556519035.627,0.0,0.188,99.812,0.0,0.0,0.0,0.0,0.0,0.0,0.0,0.0,0.0,0.0,20480.0,0.0,0.0,0.0,0.0,0.0,0.0,0.0,0.0,0.0,0.0,0.0,0.0,0.0,0.0,0.0,0.0,0.0,0.0,0.0,4.0,0.0,0.0,0.0,0.0,3430113280.0,843251712.0,19486310400.0,76187914240.0,0.0,0.0
1556519036.627,0.0,0.125,99.875,0.0,0.0,0.0,0.0,0.0,0.0,0.0,0.0,0.0,0.0,40960.0,0.0,0.0,0.0,0.0,0.0,0.0,0.0,0.0,0.0,0.0,0.0,0.0,0.0,0.0,0.0,0.0,0.0,0.0,0.0,10.0,0.0,0.0,0.0,0.0,3429507072.0,843251712.0,19486310400.0,76188520448.0,0.0,0.0
1556519037.627,0.062,0.188,99.750,0.0,0.0,0.0,0.0,0.0,0.0,0.0,0.0,0.0,0.0,0.0,0.0,0.0,0.0,0.0,0.0,0.0,0.0,0.0,0.0,0.0,0.0,0.0,0.0,0.0,0.0,0.0,0.0,0.0,0.0,0.0,0.0,0.0,0.0,0.0,3428675584.0,843251712.0,19486310400.0,76189351936.0,0.0,0.0
1556519038.627,0.063,0.125,99.812,0.0,0.0,0.0,0.0,0.0,0.0,0.0,0.0,0.0,0.0,0.0,0.0,0.0,0.0,0.0,0.0,0.0,0.0,0.0,0.0,0.0,0.0,0.0,0.0,0.0,0.0,0.0,0.0,0.0,0.0,0.0,0.0,0.0,0.0,0.0,3428225024.0,843251712.0,19486310400.0,76189802496.0,0.0,0.0
1556519039.627,0.0,0.188,99.812,0.0,0.0,0.0,0.0,0.0,0.0,0.0,0.0,0.0,0.0,0.0,0.0,0.0,0.0,0.0,0.0,0.0,0.0,0.0,0.0,0.0,0.0,0.0,0.0,0.0,0.0,0.0,0.0,0.0,0.0,0.0,0.0,0.0,0.0,0.0,3427753984.0,843251712.0,19486310400.0,76190273536.0,0.0,0.0
1556519040.627,1.871,0.250,97.754,0.062,0.0,0.062,0.0,0.0,0.0,0.0,0.0,0.0,0.0,163840.0,0.0,0.0,0.0,0.0,0.0,0.0,0.0,0.0,0.0,0.0,0.0,0.0,0.0,0.0,0.0,0.0,0.0,0.0,0.0,34.0,0.0,0.0,0.0,0.0,3427479552.0,843251712.0,19486310400.0,76190547968.0,0.0,0.0
1556519041.627,0.063,0.125,99.812,0.0,0.0,0.0,0.0,0.0,0.0,0.0,0.0,0.0,0.0,0.0,0.0,0.0,0.0,0.0,0.0,0.0,0.0,0.0,0.0,0.0,0.0,0.0,0.0,0.0,0.0,0.0,0.0,0.0,0.0,0.0,0.0,0.0,0.0,0.0,3427188736.0,843251712.0,19486310400.0,76190838784.0,0.0,0.0
1556519042.627,0.0,0.125,99.875,0.0,0.0,0.0,0.0,0.0,0.0,0.0,0.0,0.0,0.0,53248.0,0.0,0.0,0.0,0.0,0.0,0.0,0.0,0.0,0.0,0.0,0.0,0.0,0.0,0.0,0.0,0.0,0.0,0.0,0.0,13.0,0.0,0.0,0.0,0.0,3426557952.0,843251712.0,19486310400.0,76191469568.0,0.0,0.0
1556519043.627,0.0,0.125,99.875,0.0,0.0,0.0,0.0,0.0,0.0,0.0,0.0,0.0,0.0,0.0,0.0,0.0,0.0,0.0,0.0,0.0,0.0,0.0,0.0,0.0,0.0,0.0,0.0,0.0,0.0,0.0,0.0,0.0,0.0,0.0,0.0,0.0,0.0,0.0,3426361344.0,843251712.0,19486310400.0,76191666176.0,0.0,0.0
1556519044.627,0.0,0.125,99.875,0.0,0.0,0.0,0.0,0.0,0.0,0.0,0.0,0.0,0.0,0.0,0.0,0.0,0.0,0.0,0.0,0.0,0.0,0.0,0.0,0.0,0.0,0.0,0.0,0.0,0.0,0.0,0.0,0.0,0.0,0.0,0.0,0.0,0.0,0.0,3426107392.0,843251712.0,19486310400.0,76191920128.0,0.0,0.0
1556519045.627,0.0,0.188,99.812,0.0,0.0,0.0,0.0,0.0,0.0,0.0,0.0,0.0,0.0,0.0,0.0,0.0,0.0,0.0,0.0,0.0,0.0,0.0,0.0,0.0,0.0,0.0,0.0,0.0,0.0,0.0,0.0,0.0,0.0,0.0,0.0,0.0,0.0,0.0,3426107392.0,843251712.0,19486310400.0,76191920128.0,0.0,0.0
1556519046.627,0.062,0.187,99.688,0.062,0.0,0.0,0.0,0.0,0.0,0.0,0.0,0.0,0.0,0.0,0.0,0.0,0.0,0.0,0.0,0.0,0.0,0.0,0.0,0.0,0.0,0.0,0.0,0.0,0.0,0.0,0.0,0.0,0.0,0.0,0.0,0.0,0.0,0.0,3425980416.0,843251712.0,19486310400.0,76192047104.0,0.0,0.0
1556519047.627,0.0,0.188,99.812,0.0,0.0,0.0,0.0,0.0,0.0,0.0,0.0,0.0,0.0,0.0,0.0,0.0,0.0,0.0,0.0,0.0,0.0,0.0,0.0,0.0,0.0,0.0,0.0,0.0,0.0,0.0,0.0,0.0,0.0,0.0,0.0,0.0,0.0,0.0,3425849344.0,843251712.0,19486314496.0,76192174080.0,0.0,0.0
1556519048.627,0.0,0.125,99.875,0.0,0.0,0.0,194.0,0.0,194.0,0.0,0.0,0.0,0.0,12288.0,0.0,0.0,0.0,0.0,0.0,0.0,0.0,0.0,0.0,0.0,0.0,0.0,0.0,0.0,0.0,0.0,0.0,0.0,0.0,3.0,0.0,0.0,0.0,0.0,3425722368.0,843251712.0,19486314496.0,76192301056.0,0.0,0.0
1556519049.627,0.0,0.250,99.750,0.0,0.0,0.0,0.0,0.0,0.0,0.0,0.0,0.0,0.0,0.0,0.0,0.0,0.0,0.0,0.0,0.0,0.0,0.0,0.0,0.0,0.0,0.0,0.0,0.0,0.0,0.0,0.0,0.0,0.0,0.0,0.0,0.0,0.0,0.0,3425595392.0,843251712.0,19486314496.0,76192428032.0,0.0,0.0
1556519050.627,0.0,0.125,99.812,0.063,0.0,0.0,0.0,0.0,0.0,0.0,0.0,12288.0,0.0,57344.0,0.0,0.0,0.0,0.0,0.0,0.0,0.0,0.0,0.0,0.0,0.0,0.0,0.0,0.0,0.0,0.0,0.0,2.0,0.0,14.0,0.0,0.0,0.0,0.0,3425411072.0,843251712.0,19486314496.0,76192612352.0,0.0,0.0
1556519051.627,0.0,0.125,99.875,0.0,0.0,0.0,0.0,0.0,0.0,0.0,0.0,0.0,0.0,0.0,0.0,0.0,0.0,0.0,0.0,0.0,0.0,0.0,0.0,0.0,0.0,0.0,0.0,0.0,0.0,0.0,0.0,0.0,0.0,0.0,0.0,0.0,0.0,0.0,3425284096.0,843251712.0,19486314496.0,76192739328.0,0.0,0.0
1556519052.627,0.062,0.125,99.812,0.0,0.0,0.0,0.0,0.0,0.0,0.0,0.0,0.0,0.0,0.0,0.0,0.0,0.0,0.0,0.0,0.0,0.0,0.0,0.0,0.0,0.0,0.0,0.0,0.0,0.0,0.0,0.0,0.0,0.0,0.0,0.0,0.0,0.0,0.0,3425210368.0,843251712.0,19486314496.0,76192813056.0,0.0,0.0
1556519053.627,0.0,0.125,99.875,0.0,0.0,0.0,0.0,0.0,0.0,0.0,0.0,0.0,0.0,0.0,0.0,0.0,0.0,0.0,0.0,0.0,0.0,0.0,0.0,0.0,0.0,0.0,0.0,0.0,0.0,0.0,0.0,0.0,0.0,0.0,0.0,0.0,0.0,0.0,3425177600.0,843251712.0,19486314496.0,76192845824.0,0.0,0.0
1556519054.627,0.062,0.125,99.812,0.0,0.0,0.0,0.0,0.0,0.0,0.0,0.0,0.0,0.0,12288.0,0.0,0.0,0.0,0.0,0.0,0.0,0.0,0.0,0.0,0.0,0.0,0.0,0.0,0.0,0.0,0.0,0.0,0.0,0.0,3.0,0.0,0.0,0.0,0.0,3424923648.0,843251712.0,19486314496.0,76193099776.0,0.0,0.0
1556519055.627,0.0,0.125,99.875,0.0,0.0,0.0,0.0,0.0,0.0,0.0,0.0,471040.0,0.0,0.0,0.0,0.0,0.0,0.0,0.0,0.0,0.0,0.0,0.0,0.0,0.0,0.0,0.0,0.0,0.0,0.0,0.0,63.0,0.0,0.0,0.0,0.0,0.0,0.0,3424923648.0,843251712.0,19486314496.0,76193099776.0,0.0,0.0
1556519056.627,0.0,0.187,99.750,0.062,0.0,0.0,0.0,0.0,0.0,0.0,0.0,0.0,0.0,0.0,0.0,0.0,0.0,0.0,0.0,0.0,0.0,0.0,0.0,0.0,0.0,0.0,0.0,0.0,0.0,0.0,0.0,0.0,0.0,0.0,0.0,0.0,0.0,0.0,3424923648.0,843251712.0,19486314496.0,76193099776.0,0.0,0.0
1556519057.627,0.0,0.125,99.875,0.0,0.0,0.0,0.0,0.0,0.0,0.0,0.0,0.0,0.0,0.0,0.0,0.0,0.0,0.0,0.0,0.0,0.0,0.0,0.0,0.0,0.0,0.0,0.0,0.0,0.0,0.0,0.0,0.0,0.0,0.0,0.0,0.0,0.0,0.0,3424923648.0,843251712.0,19486314496.0,76193099776.0,0.0,0.0
1556519058.627,0.0,0.188,99.812,0.0,0.0,0.0,576.0,576.0,576.0,576.0,0.0,0.0,0.0,0.0,0.0,0.0,0.0,0.0,0.0,0.0,0.0,0.0,0.0,0.0,0.0,0.0,0.0,0.0,0.0,0.0,0.0,0.0,0.0,0.0,0.0,0.0,0.0,0.0,3424923648.0,843251712.0,19486314496.0,76193099776.0,0.0,0.0
1556519059.626,0.063,0.188,99.750,0.0,0.0,0.0,336.0,204.0,336.0,204.0,0.0,0.0,0.0,0.0,0.0,0.0,0.0,0.0,0.0,0.0,0.0,0.0,0.0,0.0,0.0,0.0,0.0,0.0,0.0,0.0,0.0,0.0,0.0,0.0,0.0,0.0,0.0,0.0,3424796672.0,843251712.0,19486314496.0,76193226752.0,0.0,0.0
1556519060.627,0.062,0.125,99.812,0.0,0.0,0.0,576.0,510.0,576.0,510.0,0.0,0.0,0.0,12288.0,0.0,0.0,0.0,0.0,0.0,0.0,0.0,0.0,0.0,0.0,0.0,0.0,0.0,0.0,0.0,0.0,0.0,0.0,0.0,3.0,0.0,0.0,0.0,0.0,3424636928.0,843251712.0,19486314496.0,76193386496.0,0.0,0.0
1556519061.627,0.0,0.188,99.812,0.0,0.0,0.0,2976.0,2448.0,2976.0,2448.0,0.0,0.0,0.0,0.0,0.0,0.0,0.0,0.0,0.0,0.0,0.0,0.0,0.0,0.0,0.0,0.0,0.0,0.0,0.0,0.0,0.0,0.0,0.0,0.0,0.0,0.0,0.0,0.0,3424542720.0,843251712.0,19486314496.0,76193480704.0,0.0,0.0
1556519062.627,0.0,0.125,99.812,0.063,0.0,0.0,576.0,510.0,576.0,510.0,0.0,0.0,0.0,0.0,0.0,0.0,0.0,0.0,0.0,0.0,0.0,0.0,0.0,0.0,0.0,0.0,0.0,0.0,0.0,0.0,0.0,0.0,0.0,0.0,0.0,0.0,0.0,0.0,3424415744.0,843251712.0,19486314496.0,76193607680.0,0.0,0.0
1556519063.627,0.0,0.125,99.875,0.0,0.0,0.0,606.0,408.0,606.0,408.0,0.0,0.0,0.0,0.0,0.0,0.0,0.0,0.0,0.0,0.0,0.0,0.0,0.0,0.0,0.0,0.0,0.0,0.0,0.0,0.0,0.0,0.0,0.0,0.0,0.0,0.0,0.0,0.0,3424399360.0,843251712.0,19486314496.0,76193624064.0,0.0,0.0
1556519064.627,0.625,0.313,99.062,0.0,0.0,0.0,234.0,464.0,234.0,464.0,0.0,0.0,0.0,0.0,0.0,0.0,0.0,0.0,0.0,0.0,0.0,0.0,0.0,0.0,0.0,0.0,0.0,0.0,0.0,0.0,0.0,0.0,0.0,0.0,0.0,0.0,0.0,0.0,3422760960.0,843251712.0,19486318592.0,76195258368.0,0.0,0.0
1556519065.627,0.0,0.125,99.875,0.0,0.0,0.0,438.0,612.0,438.0,612.0,0.0,0.0,0.0,0.0,0.0,0.0,0.0,0.0,0.0,0.0,0.0,0.0,0.0,0.0,0.0,0.0,0.0,0.0,0.0,0.0,0.0,0.0,0.0,0.0,0.0,0.0,0.0,0.0,3423014912.0,843251712.0,19486318592.0,76195004416.0,0.0,0.0
1556519066.627,0.062,0.125,99.750,0.062,0.0,0.0,66.0,0.0,66.0,0.0,0.0,0.0,0.0,12288.0,0.0,0.0,0.0,0.0,0.0,0.0,0.0,0.0,0.0,0.0,0.0,0.0,0.0,0.0,0.0,0.0,0.0,0.0,0.0,3.0,0.0,0.0,0.0,0.0,3422887936.0,843251712.0,19486318592.0,76195131392.0,0.0,0.0
1556519067.627,0.0,0.125,99.875,0.0,0.0,0.0,102.0,102.0,102.0,102.0,0.0,0.0,0.0,0.0,0.0,0.0,0.0,0.0,0.0,0.0,0.0,0.0,0.0,0.0,0.0,0.0,0.0,0.0,0.0,0.0,0.0,0.0,0.0,0.0,0.0,0.0,0.0,0.0,3422760960.0,843251712.0,19486318592.0,76195258368.0,0.0,0.0
1556519068.627,0.0,0.125,99.875,0.0,0.0,0.0,540.0,408.0,540.0,408.0,0.0,0.0,0.0,0.0,0.0,0.0,0.0,0.0,0.0,0.0,0.0,0.0,0.0,0.0,0.0,0.0,0.0,0.0,0.0,0.0,0.0,0.0,0.0,0.0,0.0,0.0,0.0,0.0,3422760960.0,843251712.0,19486318592.0,76195258368.0,0.0,0.0
1556519069.627,0.0,0.250,99.750,0.0,0.0,0.0,66.0,0.0,66.0,0.0,0.0,0.0,0.0,0.0,0.0,0.0,0.0,0.0,0.0,0.0,0.0,0.0,0.0,0.0,0.0,0.0,0.0,0.0,0.0,0.0,0.0,0.0,0.0,0.0,0.0,0.0,0.0,0.0,3422760960.0,843251712.0,19486318592.0,76195258368.0,0.0,0.0
1556519070.627,0.125,0.125,99.750,0.0,0.0,0.0,204.0,204.0,204.0,204.0,0.0,0.0,0.0,12288.0,0.0,0.0,0.0,0.0,0.0,0.0,0.0,0.0,0.0,0.0,0.0,0.0,0.0,0.0,0.0,0.0,0.0,0.0,0.0,1.0,0.0,0.0,0.0,0.0,3422633984.0,843251712.0,19486318592.0,76195385344.0,0.0,0.0
1556519071.627,0.0,0.250,99.750,0.0,0.0,0.0,534.0,1258.0,534.0,1258.0,0.0,0.0,0.0,0.0,0.0,0.0,0.0,0.0,0.0,0.0,0.0,0.0,0.0,0.0,0.0,0.0,0.0,0.0,0.0,0.0,0.0,0.0,0.0,0.0,0.0,0.0,0.0,0.0,3422539776.0,843251712.0,19486318592.0,76195479552.0,0.0,0.0
1556519072.627,0.0,0.125,99.813,0.062,0.0,0.0,0.0,0.0,0.0,0.0,0.0,0.0,0.0,24576.0,0.0,0.0,0.0,0.0,0.0,0.0,0.0,0.0,0.0,0.0,0.0,0.0,0.0,0.0,0.0,0.0,0.0,0.0,0.0,6.0,0.0,0.0,0.0,0.0,3422666752.0,843251712.0,19486318592.0,76195352576.0,0.0,0.0
1556519073.627,0.0,0.125,99.875,0.0,0.0,0.0,0.0,0.0,0.0,0.0,0.0,0.0,0.0,0.0,0.0,0.0,0.0,0.0,0.0,0.0,0.0,0.0,0.0,0.0,0.0,0.0,0.0,0.0,0.0,0.0,0.0,0.0,0.0,0.0,0.0,0.0,0.0,0.0,3422539776.0,843251712.0,19486318592.0,76195479552.0,0.0,0.0
1556519074.627,0.062,0.125,99.812,0.0,0.0,0.0,0.0,0.0,0.0,0.0,0.0,0.0,0.0,0.0,0.0,0.0,0.0,0.0,0.0,0.0,0.0,0.0,0.0,0.0,0.0,0.0,0.0,0.0,0.0,0.0,0.0,0.0,0.0,0.0,0.0,0.0,0.0,0.0,3422412800.0,843251712.0,19486318592.0,76195606528.0,0.0,0.0
1556519075.627,0.0,0.188,99.812,0.0,0.0,0.0,0.0,0.0,0.0,0.0,0.0,0.0,0.0,0.0,0.0,0.0,0.0,0.0,0.0,0.0,0.0,0.0,0.0,0.0,0.0,0.0,0.0,0.0,0.0,0.0,0.0,0.0,0.0,0.0,0.0,0.0,0.0,0.0,3422412800.0,843251712.0,19486318592.0,76195606528.0,0.0,0.0
1556519076.627,0.0,0.188,99.812,0.0,0.0,0.0,0.0,0.0,0.0,0.0,0.0,0.0,0.0,0.0,0.0,0.0,0.0,0.0,0.0,0.0,0.0,0.0,0.0,0.0,0.0,0.0,0.0,0.0,0.0,0.0,0.0,0.0,0.0,0.0,0.0,0.0,0.0,0.0,3422412800.0,843251712.0,19486318592.0,76195606528.0,0.0,0.0
1556519077.627,0.062,0.125,99.750,0.062,0.0,0.0,0.0,0.0,0.0,0.0,0.0,12288.0,0.0,0.0,0.0,0.0,0.0,0.0,0.0,0.0,0.0,0.0,0.0,0.0,0.0,0.0,0.0,0.0,0.0,0.0,0.0,3.0,0.0,0.0,0.0,0.0,0.0,0.0,3422412800.0,843251712.0,19486318592.0,76195606528.0,0.0,0.0
1556519078.627,0.0,0.125,99.875,0.0,0.0,0.0,0.0,0.0,0.0,0.0,0.0,0.0,0.0,12288.0,0.0,0.0,0.0,0.0,0.0,0.0,0.0,0.0,0.0,0.0,0.0,0.0,0.0,0.0,0.0,0.0,0.0,0.0,0.0,3.0,0.0,0.0,0.0,0.0,3422285824.0,843251712.0,19486318592.0,76195733504.0,0.0,0.0
1556519079.627,0.0,0.250,99.750,0.0,0.0,0.0,0.0,0.0,0.0,0.0,0.0,0.0,0.0,0.0,0.0,0.0,0.0,0.0,0.0,0.0,0.0,0.0,0.0,0.0,0.0,0.0,0.0,0.0,0.0,0.0,0.0,0.0,0.0,0.0,0.0,0.0,0.0,0.0,3422285824.0,843251712.0,19486318592.0,76195733504.0,0.0,0.0
