/*** CONFIGURATION INFORMATION ***/
"Linux dstat"
"netSpeed = 1000"
"netBandwidth = 1250000"
"netFullDuplex = full"
"netSpeed.eno1 = 1000"
"netBandwidth.eno1 = 1250000"
"netFullDuplex.eno1 = full"
"os_name = Ubuntu 16.04.5 LTS"
"cpu_model = Intel(R) Xeon(R) Gold 5222 CPU @ 3.80GHz"
"cpu_cores = 16"
"cpu_sockets = 2"
"cpu_cores_per_socket = 4"
"cpu_threads_per_core = 2"
"memory_size = 97605068"
"swap_size = 1003516"
"timezoneOffset = -07:00"
"timezoneAbbrev = PDT"
"list_of_ssd = sda(INTEL SSDSCKJB48), nvme0n1(INTEL SSDPE2KX040T8                     ), nvme1n1(INTEL SSDPE2KX040T8                     )"
"list_of_hdd = none"
"pagesize = 4096"
"list_of_md = "
"dataVersion = 6"
"comment = "

/*** START OF PROFILING OUTPUT ***/
"Dstat 0.7.2 CSV output"
"Author:","Dag Wieers <dag@wieers.com>",,,,"URL:","http://dag.wieers.com/home-made/dstat/"
"Host:","server02",,,,"User:","builder"
"Cmdline:","dstat --nocolor --noheaders --epoch --cpu --net -N eno1,total -dD sda,nvme0n1,nvme1n1,loop0 --disk-time --disk-queue --io --mem --page --output .tmp_start_collection",,,,"Date:","26 Apr 2019 00:34:32 PDT"

"epoch","total cpu usage",,,,,,"net/eno1",,"net/total",,"dsk/sda",,"dsk/nvme0n1",,"dsk/nvme1n1",,"dsk/loop0",,"tim/sda",,"tim/nvme0n1",,"tim/nvme1n1",,"tim/loop0",,"qu/sda","qu/nvme0n1","qu/nvme1n1","qu/loop0","io/sda",,"io/nvme0n1",,"io/nvme1n1",,"io/loop0",,"memory usage",,,,"paging",
"epoch","usr","sys","idl","wai","hiq","siq","recv","send","recv","send","read","writ","read","writ","read","writ","read","writ","reads","writs","reads","writs","reads","writs","reads","writs","queue","queue","queue","queue","read","writ","read","writ","read","writ","read","writ","used","buff","cach","free","in","out"
1556264072.450,3.410,0.635,95.783,0.089,0.0,0.083,0.0,0.0,0.0,0.0,27310.597,1637829.115,949.257,156748.534,352.509,192951.693,0.171,0.0,27964.0,1933252.0,412.0,18500.0,96.0,24224.0,0.0,0.0,0.0,0.0,0.0,0.0,1.159,142.879,0.121,25.379,0.028,30.182,0.000,0.0,2317152256.0,579203072.0,5898264576.0,91152969728.0,0.0,0.0
1556264073.451,0.0,0.062,99.938,0.0,0.0,0.0,66.0,0.0,66.0,0.0,0.0,0.0,0.0,0.0,0.0,0.0,0.0,0.0,0.0,0.0,0.0,0.0,0.0,0.0,0.0,0.0,0.0,0.0,0.0,0.0,0.0,0.0,0.0,0.0,0.0,0.0,0.0,0.0,2314911744.0,579203072.0,5898272768.0,91155202048.0,0.0,0.0
1556264074.451,0.063,0.125,99.812,0.0,0.0,0.0,336.0,244.0,336.0,244.0,0.0,0.0,0.0,0.0,0.0,0.0,0.0,0.0,0.0,0.0,0.0,0.0,0.0,0.0,0.0,0.0,0.0,0.0,0.0,0.0,0.0,0.0,0.0,0.0,0.0,0.0,0.0,0.0,2314911744.0,579203072.0,5898272768.0,91155202048.0,0.0,0.0
1556264075.451,0.062,0.187,99.750,0.0,0.0,0.0,168.0,110.0,168.0,110.0,0.0,0.0,0.0,0.0,0.0,0.0,0.0,0.0,0.0,0.0,0.0,0.0,0.0,0.0,0.0,0.0,0.0,0.0,0.0,0.0,0.0,0.0,0.0,0.0,0.0,0.0,0.0,0.0,2314911744.0,579203072.0,5898272768.0,91155202048.0,0.0,0.0
1556264076.451,0.0,0.063,99.875,0.063,0.0,0.0,0.0,0.0,0.0,0.0,0.0,0.0,0.0,0.0,0.0,0.0,0.0,0.0,0.0,0.0,0.0,0.0,0.0,0.0,0.0,0.0,0.0,0.0,0.0,0.0,0.0,0.0,0.0,0.0,0.0,0.0,0.0,0.0,2314371072.0,579203072.0,5898272768.0,91155742720.0,0.0,0.0
1556264077.451,0.062,0.125,99.812,0.0,0.0,0.0,102.0,110.0,102.0,110.0,0.0,0.0,0.0,0.0,0.0,0.0,0.0,0.0,0.0,0.0,0.0,0.0,0.0,0.0,0.0,0.0,0.0,0.0,0.0,0.0,0.0,0.0,0.0,0.0,0.0,0.0,0.0,0.0,2314244096.0,579203072.0,5898272768.0,91155869696.0,0.0,0.0
1556264078.451,0.0,0.125,99.875,0.0,0.0,0.0,234.0,102.0,234.0,102.0,0.0,0.0,0.0,32768.0,0.0,0.0,0.0,0.0,0.0,0.0,0.0,0.0,0.0,0.0,0.0,0.0,0.0,0.0,0.0,0.0,0.0,0.0,0.0,8.0,0.0,0.0,0.0,0.0,2314244096.0,579203072.0,5898272768.0,91155869696.0,0.0,0.0
1556264079.451,0.062,0.250,99.688,0.0,0.0,0.0,168.0,110.0,168.0,110.0,0.0,0.0,0.0,0.0,0.0,0.0,0.0,0.0,0.0,0.0,0.0,0.0,0.0,0.0,0.0,0.0,0.0,0.0,0.0,0.0,0.0,0.0,0.0,0.0,0.0,0.0,0.0,0.0,2314022912.0,579203072.0,5898272768.0,91156090880.0,0.0,0.0
1556264080.451,0.0,0.125,99.812,0.063,0.0,0.0,168.0,110.0,168.0,110.0,0.0,0.0,0.0,0.0,0.0,0.0,0.0,0.0,0.0,0.0,0.0,0.0,0.0,0.0,0.0,0.0,0.0,0.0,0.0,0.0,0.0,0.0,0.0,0.0,0.0,0.0,0.0,0.0,2313928704.0,579203072.0,5898272768.0,91156185088.0,0.0,0.0
1556264081.451,0.062,0.125,99.812,0.0,0.0,0.0,168.0,102.0,168.0,102.0,0.0,0.0,0.0,0.0,0.0,0.0,0.0,0.0,0.0,0.0,0.0,0.0,0.0,0.0,0.0,0.0,0.0,0.0,0.0,0.0,0.0,0.0,0.0,0.0,0.0,0.0,0.0,0.0,2313801728.0,579203072.0,5898272768.0,91156312064.0,0.0,0.0
1556264082.451,0.0,0.125,99.875,0.0,0.0,0.0,0.0,0.0,0.0,0.0,0.0,0.0,0.0,0.0,0.0,0.0,0.0,0.0,0.0,0.0,0.0,0.0,0.0,0.0,0.0,0.0,0.0,0.0,0.0,0.0,0.0,0.0,0.0,0.0,0.0,0.0,0.0,0.0,2313531392.0,579203072.0,5898272768.0,91156582400.0,0.0,0.0
1556264083.451,0.0,0.125,99.875,0.0,0.0,0.0,168.0,110.0,168.0,110.0,0.0,0.0,0.0,0.0,0.0,0.0,0.0,0.0,0.0,0.0,0.0,0.0,0.0,0.0,0.0,0.0,0.0,0.0,0.0,0.0,0.0,0.0,0.0,0.0,0.0,0.0,0.0,0.0,2313277440.0,579203072.0,5898272768.0,91156836352.0,0.0,0.0
1556264084.451,0.063,0.125,99.812,0.0,0.0,0.0,168.0,150.0,168.0,150.0,0.0,0.0,0.0,12288.0,0.0,0.0,0.0,0.0,0.0,0.0,0.0,0.0,0.0,0.0,0.0,0.0,0.0,0.0,0.0,0.0,0.0,0.0,0.0,3.0,0.0,0.0,0.0,0.0,2313244672.0,579203072.0,5898272768.0,91156869120.0,0.0,0.0
1556264085.451,0.062,0.125,99.812,0.0,0.0,0.0,0.0,0.0,0.0,0.0,0.0,0.0,0.0,0.0,0.0,0.0,0.0,0.0,0.0,0.0,0.0,0.0,0.0,0.0,0.0,0.0,0.0,0.0,0.0,0.0,0.0,0.0,0.0,0.0,0.0,0.0,0.0,0.0,2312859648.0,579203072.0,5898276864.0,91157250048.0,0.0,0.0
1556264086.451,0.0,0.125,99.812,0.062,0.0,0.0,0.0,0.0,0.0,0.0,0.0,0.0,0.0,0.0,0.0,0.0,0.0,0.0,0.0,0.0,0.0,0.0,0.0,0.0,0.0,0.0,0.0,0.0,0.0,0.0,0.0,0.0,0.0,0.0,0.0,0.0,0.0,0.0,2312732672.0,579203072.0,5898276864.0,91157377024.0,0.0,0.0
1556264087.451,0.0,0.125,99.875,0.0,0.0,0.0,0.0,0.0,0.0,0.0,0.0,0.0,0.0,0.0,0.0,0.0,0.0,0.0,0.0,0.0,0.0,0.0,0.0,0.0,0.0,0.0,0.0,0.0,0.0,0.0,0.0,0.0,0.0,0.0,0.0,0.0,0.0,0.0,2312732672.0,579203072.0,5898276864.0,91157377024.0,0.0,0.0
1556264088.451,0.0,0.125,99.875,0.0,0.0,0.0,0.0,0.0,0.0,0.0,0.0,0.0,0.0,0.0,0.0,0.0,0.0,0.0,0.0,0.0,0.0,0.0,0.0,0.0,0.0,0.0,0.0,0.0,0.0,0.0,0.0,0.0,0.0,0.0,0.0,0.0,0.0,0.0,2312478720.0,579203072.0,5898276864.0,91157630976.0,0.0,0.0
1556264089.451,0.0,0.188,99.812,0.0,0.0,0.0,0.0,0.0,0.0,0.0,0.0,0.0,0.0,20480.0,0.0,0.0,0.0,0.0,0.0,0.0,0.0,0.0,0.0,0.0,0.0,0.0,0.0,0.0,0.0,0.0,0.0,0.0,0.0,5.0,0.0,0.0,0.0,0.0,2312478720.0,579203072.0,5898276864.0,91157630976.0,0.0,0.0
1556264090.451,0.0,0.250,99.750,0.0,0.0,0.0,102.0,102.0,102.0,102.0,0.0,0.0,0.0,12288.0,0.0,0.0,0.0,0.0,0.0,0.0,0.0,0.0,0.0,0.0,0.0,0.0,0.0,0.0,0.0,0.0,0.0,0.0,0.0,3.0,0.0,0.0,0.0,0.0,2312478720.0,579203072.0,5898276864.0,91157630976.0,0.0,0.0
1556264091.451,0.437,0.187,99.313,0.062,0.0,0.0,1290.0,1224.0,1290.0,1224.0,0.0,0.0,0.0,0.0,0.0,0.0,0.0,0.0,0.0,0.0,0.0,0.0,0.0,0.0,0.0,0.0,0.0,0.0,0.0,0.0,0.0,0.0,0.0,0.0,0.0,0.0,0.0,0.0,2312519680.0,579203072.0,5898276864.0,91157590016.0,0.0,0.0
1556264092.451,0.0,0.125,99.875,0.0,0.0,0.0,2676.0,2478.0,2676.0,2478.0,0.0,0.0,0.0,0.0,0.0,0.0,0.0,0.0,0.0,0.0,0.0,0.0,0.0,0.0,0.0,0.0,0.0,0.0,0.0,0.0,0.0,0.0,0.0,0.0,0.0,0.0,0.0,0.0,2312536064.0,579203072.0,5898276864.0,91157573632.0,0.0,0.0
1556264093.451,0.0,0.125,99.875,0.0,0.0,0.0,2442.0,2244.0,2442.0,2244.0,0.0,0.0,0.0,0.0,0.0,0.0,0.0,0.0,0.0,0.0,0.0,0.0,0.0,0.0,0.0,0.0,0.0,0.0,0.0,0.0,0.0,0.0,0.0,0.0,0.0,0.0,0.0,0.0,2311933952.0,579203072.0,5898276864.0,91158175744.0,0.0,0.0
1556264094.451,0.0,0.125,99.875,0.0,0.0,0.0,708.0,510.0,708.0,510.0,0.0,0.0,0.0,0.0,0.0,0.0,0.0,0.0,0.0,0.0,0.0,0.0,0.0,0.0,0.0,0.0,0.0,0.0,0.0,0.0,0.0,0.0,0.0,0.0,0.0,0.0,0.0,0.0,2311901184.0,579203072.0,5898276864.0,91158208512.0,0.0,0.0
1556264095.451,0.062,0.250,99.688,0.0,0.0,0.0,270.0,212.0,270.0,212.0,0.0,0.0,0.0,0.0,0.0,0.0,0.0,0.0,0.0,0.0,0.0,0.0,0.0,0.0,0.0,0.0,0.0,0.0,0.0,0.0,0.0,0.0,0.0,0.0,0.0,0.0,0.0,0.0,2311901184.0,579203072.0,5898276864.0,91158208512.0,0.0,0.0
1556264096.451,0.125,0.125,99.750,0.0,0.0,0.0,1560.0,1540.0,1560.0,1540.0,0.0,0.0,0.0,12288.0,0.0,0.0,0.0,0.0,0.0,0.0,0.0,0.0,0.0,0.0,0.0,0.0,0.0,0.0,0.0,0.0,0.0,0.0,0.0,3.0,0.0,0.0,0.0,0.0,2311770112.0,579203072.0,5898276864.0,91158339584.0,0.0,0.0
1556264097.451,0.0,0.188,99.750,0.062,0.0,0.0,606.0,440.0,606.0,440.0,0.0,0.0,0.0,0.0,0.0,0.0,0.0,0.0,0.0,0.0,0.0,0.0,0.0,0.0,0.0,0.0,0.0,0.0,0.0,0.0,0.0,0.0,0.0,0.0,0.0,0.0,0.0,0.0,2311835648.0,579203072.0,5898276864.0,91158274048.0,0.0,0.0
1556264098.451,0.0,0.125,99.875,0.0,0.0,0.0,540.0,440.0,540.0,440.0,0.0,0.0,0.0,0.0,0.0,0.0,0.0,0.0,0.0,0.0,0.0,0.0,0.0,0.0,0.0,0.0,0.0,0.0,0.0,0.0,0.0,0.0,0.0,0.0,0.0,0.0,0.0,0.0,2311675904.0,579203072.0,5898276864.0,91158433792.0,0.0,0.0
1556264099.451,0.0,0.188,99.812,0.0,0.0,0.0,168.0,110.0,168.0,110.0,0.0,0.0,0.0,0.0,0.0,0.0,0.0,0.0,0.0,0.0,0.0,0.0,0.0,0.0,0.0,0.0,0.0,0.0,0.0,0.0,0.0,0.0,0.0,0.0,0.0,0.0,0.0,0.0,2311548928.0,579203072.0,5898276864.0,91158560768.0,0.0,0.0
1556264100.451,1.812,0.312,97.875,0.0,0.0,0.0,270.0,228.0,270.0,228.0,0.0,0.0,0.0,0.0,0.0,0.0,0.0,0.0,0.0,0.0,0.0,0.0,0.0,0.0,0.0,0.0,0.0,0.0,0.0,0.0,0.0,0.0,0.0,0.0,0.0,0.0,0.0,0.0,2311643136.0,579203072.0,5898276864.0,91158466560.0,0.0,0.0
1556264101.451,0.062,0.187,99.688,0.062,0.0,0.0,66.0,0.0,66.0,0.0,0.0,0.0,0.0,0.0,0.0,0.0,0.0,0.0,0.0,0.0,0.0,0.0,0.0,0.0,0.0,0.0,0.0,0.0,0.0,0.0,0.0,0.0,0.0,0.0,0.0,0.0,0.0,0.0,2312200192.0,579203072.0,5898276864.0,91157909504.0,0.0,0.0
1556264102.451,0.062,0.125,99.812,0.0,0.0,0.0,102.0,110.0,102.0,110.0,0.0,0.0,0.0,16384.0,0.0,0.0,0.0,0.0,0.0,0.0,0.0,0.0,0.0,0.0,0.0,0.0,0.0,0.0,0.0,0.0,0.0,0.0,0.0,4.0,0.0,0.0,0.0,0.0,2311577600.0,579203072.0,5898280960.0,91158528000.0,0.0,0.0
1556264103.451,0.0,0.125,99.875,0.0,0.0,0.0,336.0,220.0,336.0,220.0,0.0,0.0,0.0,0.0,0.0,0.0,0.0,0.0,0.0,0.0,0.0,0.0,0.0,0.0,0.0,0.0,0.0,0.0,0.0,0.0,0.0,0.0,0.0,0.0,0.0,0.0,0.0,0.0,2311196672.0,579203072.0,5898280960.0,91158908928.0,0.0,0.0
1556264104.451,0.125,0.125,99.750,0.0,0.0,0.0,168.0,220.0,168.0,220.0,0.0,0.0,0.0,16384.0,0.0,0.0,0.0,0.0,0.0,0.0,0.0,0.0,0.0,0.0,0.0,0.0,0.0,0.0,0.0,0.0,0.0,0.0,0.0,2.0,0.0,0.0,0.0,0.0,2311069696.0,579203072.0,5898280960.0,91159035904.0,0.0,0.0
1556264105.451,0.0,0.125,99.875,0.0,0.0,0.0,0.0,0.0,0.0,0.0,0.0,0.0,0.0,0.0,0.0,0.0,0.0,0.0,0.0,0.0,0.0,0.0,0.0,0.0,0.0,0.0,0.0,0.0,0.0,0.0,0.0,0.0,0.0,0.0,0.0,0.0,0.0,0.0,2311323648.0,579203072.0,5898280960.0,91158781952.0,0.0,0.0
1556264106.451,0.062,0.250,99.688,0.0,0.0,0.0,306.0,330.0,306.0,330.0,0.0,40960.0,0.0,0.0,0.0,0.0,0.0,0.0,0.0,0.0,0.0,0.0,0.0,0.0,0.0,0.0,0.0,0.0,0.0,0.0,0.0,3.0,0.0,0.0,0.0,0.0,0.0,0.0,2311069696.0,579203072.0,5898280960.0,91159035904.0,0.0,0.0
1556264107.451,0.063,0.188,99.687,0.063,0.0,0.0,402.0,330.0,402.0,330.0,0.0,0.0,0.0,0.0,0.0,0.0,0.0,0.0,0.0,0.0,0.0,0.0,0.0,0.0,0.0,0.0,0.0,0.0,0.0,0.0,0.0,0.0,0.0,0.0,0.0,0.0,0.0,0.0,2311405568.0,579203072.0,5898280960.0,91158700032.0,0.0,0.0
1556264108.451,0.0,0.125,99.875,0.0,0.0,0.0,270.0,220.0,270.0,220.0,0.0,0.0,0.0,36864.0,0.0,0.0,0.0,0.0,0.0,0.0,0.0,0.0,0.0,0.0,0.0,0.0,0.0,0.0,0.0,0.0,0.0,0.0,0.0,9.0,0.0,0.0,0.0,0.0,2310733824.0,579203072.0,5898280960.0,91159371776.0,0.0,0.0
1556264109.451,0.313,0.188,99.500,0.0,0.0,0.0,270.0,294.0,270.0,294.0,0.0,0.0,0.0,0.0,0.0,0.0,0.0,0.0,0.0,0.0,0.0,0.0,0.0,0.0,0.0,0.0,0.0,0.0,0.0,0.0,0.0,0.0,0.0,0.0,0.0,0.0,0.0,0.0,2310881280.0,579203072.0,5898280960.0,91159224320.0,0.0,0.0
1556264110.451,0.0,0.188,99.812,0.0,0.0,0.0,0.0,0.0,0.0,0.0,0.0,0.0,0.0,0.0,0.0,0.0,0.0,0.0,0.0,0.0,0.0,0.0,0.0,0.0,0.0,0.0,0.0,0.0,0.0,0.0,0.0,0.0,0.0,0.0,0.0,0.0,0.0,0.0,2310754304.0,579203072.0,5898280960.0,91159351296.0,0.0,0.0
1556264111.451,0.125,0.125,99.750,0.0,0.0,0.0,0.0,0.0,0.0,0.0,0.0,0.0,0.0,0.0,0.0,0.0,0.0,0.0,0.0,0.0,0.0,0.0,0.0,0.0,0.0,0.0,0.0,0.0,0.0,0.0,0.0,0.0,0.0,0.0,0.0,0.0,0.0,0.0,2310373376.0,579203072.0,5898280960.0,91159732224.0,0.0,0.0
1556264112.451,0.0,0.188,99.812,0.0,0.0,0.0,0.0,0.0,0.0,0.0,0.0,32768.0,0.0,0.0,0.0,0.0,0.0,0.0,0.0,0.0,0.0,0.0,0.0,0.0,0.0,0.0,0.0,0.0,0.0,0.0,0.0,3.0,0.0,0.0,0.0,0.0,0.0,0.0,2310258688.0,579203072.0,5898280960.0,91159846912.0,0.0,0.0
1556264113.451,0.0,0.125,99.812,0.062,0.0,0.0,0.0,0.0,0.0,0.0,0.0,0.0,0.0,0.0,0.0,0.0,0.0,0.0,0.0,0.0,0.0,0.0,0.0,0.0,0.0,0.0,0.0,0.0,0.0,0.0,0.0,0.0,0.0,0.0,0.0,0.0,0.0,0.0,2310070272.0,579203072.0,5898280960.0,91160035328.0,0.0,0.0
1556264114.451,0.0,0.125,99.875,0.0,0.0,0.0,0.0,0.0,0.0,0.0,0.0,0.0,0.0,12288.0,0.0,0.0,0.0,0.0,0.0,0.0,0.0,0.0,0.0,0.0,0.0,0.0,0.0,0.0,0.0,0.0,0.0,0.0,0.0,3.0,0.0,0.0,0.0,0.0,2309943296.0,579203072.0,5898280960.0,91160162304.0,0.0,0.0
1556264115.451,0.063,0.125,99.812,0.0,0.0,0.0,0.0,0.0,0.0,0.0,0.0,0.0,0.0,0.0,0.0,0.0,0.0,0.0,0.0,0.0,0.0,0.0,0.0,0.0,0.0,0.0,0.0,0.0,0.0,0.0,0.0,0.0,0.0,0.0,0.0,0.0,0.0,0.0,2309943296.0,579203072.0,5898280960.0,91160162304.0,0.0,0.0
1556264116.451,0.0,0.125,99.875,0.0,0.0,0.0,168.0,212.0,168.0,212.0,0.0,0.0,0.0,0.0,0.0,0.0,0.0,0.0,0.0,0.0,0.0,0.0,0.0,0.0,0.0,0.0,0.0,0.0,0.0,0.0,0.0,0.0,0.0,0.0,0.0,0.0,0.0,0.0,2309943296.0,579203072.0,5898280960.0,91160162304.0,0.0,0.0
1556264117.451,0.0,0.125,99.875,0.0,0.0,0.0,102.0,102.0,102.0,102.0,0.0,0.0,0.0,0.0,0.0,0.0,0.0,0.0,0.0,0.0,0.0,0.0,0.0,0.0,0.0,0.0,0.0,0.0,0.0,0.0,0.0,0.0,0.0,0.0,0.0,0.0,0.0,0.0,2309910528.0,579203072.0,5898280960.0,91160195072.0,0.0,0.0
1556264118.451,0.063,0.125,99.812,0.0,0.0,0.0,1932.0,1734.0,1932.0,1734.0,0.0,0.0,0.0,0.0,0.0,0.0,0.0,0.0,0.0,0.0,0.0,0.0,0.0,0.0,0.0,0.0,0.0,0.0,0.0,0.0,0.0,0.0,0.0,0.0,0.0,0.0,0.0,0.0,2309910528.0,579203072.0,5898280960.0,91160195072.0,0.0,0.0
1556264119.451,0.062,0.312,99.563,0.062,0.0,0.0,2646.0,2580.0,2646.0,2580.0,0.0,0.0,0.0,0.0,0.0,0.0,0.0,0.0,0.0,0.0,0.0,0.0,0.0,0.0,0.0,0.0,0.0,0.0,0.0,0.0,0.0,0.0,0.0,0.0,0.0,0.0,0.0,0.0,2309906432.0,579203072.0,5898285056.0,91160195072.0,0.0,0.0
1556264120.451,0.0,0.188,99.812,0.0,0.0,0.0,2436.0,2040.0,2436.0,2040.0,0.0,0.0,0.0,12288.0,0.0,0.0,0.0,0.0,0.0,0.0,0.0,0.0,0.0,0.0,0.0,0.0,0.0,0.0,0.0,0.0,0.0,0.0,0.0,3.0,0.0,0.0,0.0,0.0,2309730304.0,579203072.0,5898285056.0,91160371200.0,0.0,0.0
1556264121.451,0.0,0.125,99.875,0.0,0.0,0.0,372.0,306.0,372.0,306.0,0.0,0.0,0.0,0.0,0.0,0.0,0.0,0.0,0.0,0.0,0.0,0.0,0.0,0.0,0.0,0.0,0.0,0.0,0.0,0.0,0.0,0.0,0.0,0.0,0.0,0.0,0.0,0.0,2309627904.0,579203072.0,5898285056.0,91160473600.0,0.0,0.0
1556264122.451,0.125,0.312,99.563,0.0,0.0,0.0,540.0,408.0,540.0,408.0,0.0,0.0,0.0,0.0,0.0,0.0,0.0,0.0,0.0,0.0,0.0,0.0,0.0,0.0,0.0,0.0,0.0,0.0,0.0,0.0,0.0,0.0,0.0,0.0,0.0,0.0,0.0,0.0,2310184960.0,579203072.0,5898285056.0,91159916544.0,0.0,0.0
1556264123.451,0.0,0.188,99.750,0.063,0.0,0.0,540.0,408.0,540.0,408.0,0.0,0.0,0.0,0.0,0.0,0.0,0.0,0.0,0.0,0.0,0.0,0.0,0.0,0.0,0.0,0.0,0.0,0.0,0.0,0.0,0.0,0.0,0.0,0.0,0.0,0.0,0.0,0.0,2311995392.0,579203072.0,5898285056.0,91158106112.0,0.0,0.0
1556264124.451,0.0,0.125,99.875,0.0,0.0,0.0,168.0,102.0,168.0,102.0,0.0,0.0,0.0,24576.0,0.0,0.0,0.0,0.0,0.0,0.0,0.0,0.0,0.0,0.0,0.0,0.0,0.0,0.0,0.0,0.0,0.0,0.0,0.0,6.0,0.0,0.0,0.0,0.0,2311684096.0,579203072.0,5898285056.0,91158417408.0,0.0,0.0
1556264125.451,0.063,0.250,99.687,0.0,0.0,0.0,438.0,306.0,438.0,306.0,0.0,0.0,0.0,0.0,0.0,0.0,0.0,0.0,0.0,0.0,0.0,0.0,0.0,0.0,0.0,0.0,0.0,0.0,0.0,0.0,0.0,0.0,0.0,0.0,0.0,0.0,0.0,0.0,2312441856.0,579203072.0,5898285056.0,91157659648.0,0.0,0.0
1556264126.451,0.0,0.125,99.875,0.0,0.0,0.0,270.0,204.0,270.0,204.0,0.0,0.0,0.0,12288.0,0.0,0.0,0.0,0.0,0.0,0.0,0.0,0.0,0.0,0.0,0.0,0.0,0.0,0.0,0.0,0.0,0.0,0.0,0.0,3.0,0.0,0.0,0.0,0.0,2312503296.0,579203072.0,5898285056.0,91157598208.0,0.0,0.0
1556264127.451,0.187,0.187,99.625,0.0,0.0,0.0,270.0,204.0,270.0,204.0,0.0,0.0,0.0,0.0,0.0,0.0,0.0,0.0,0.0,0.0,0.0,0.0,0.0,0.0,0.0,0.0,0.0,0.0,0.0,0.0,0.0,0.0,0.0,0.0,0.0,0.0,0.0,0.0,2312208384.0,579203072.0,5898285056.0,91157893120.0,0.0,0.0
1556264128.451,0.0,0.188,99.812,0.0,0.0,0.0,102.0,102.0,102.0,102.0,0.0,0.0,0.0,0.0,0.0,0.0,0.0,0.0,0.0,0.0,0.0,0.0,0.0,0.0,0.0,0.0,0.0,0.0,0.0,0.0,0.0,0.0,0.0,0.0,0.0,0.0,0.0,0.0,2312081408.0,579203072.0,5898285056.0,91158020096.0,0.0,0.0
1556264129.451,0.0,0.250,99.688,0.062,0.0,0.0,66.0,0.0,66.0,0.0,0.0,0.0,0.0,0.0,0.0,0.0,0.0,0.0,0.0,0.0,0.0,0.0,0.0,0.0,0.0,0.0,0.0,0.0,0.0,0.0,0.0,0.0,0.0,0.0,0.0,0.0,0.0,0.0,2311700480.0,579203072.0,5898285056.0,91158401024.0,0.0,0.0
1556264130.451,0.063,0.125,99.812,0.0,0.0,0.0,474.0,408.0,474.0,408.0,0.0,0.0,0.0,0.0,0.0,0.0,0.0,0.0,0.0,0.0,0.0,0.0,0.0,0.0,0.0,0.0,0.0,0.0,0.0,0.0,0.0,0.0,0.0,0.0,0.0,0.0,0.0,0.0,2311700480.0,579203072.0,5898285056.0,91158401024.0,0.0,0.0
1556264131.451,0.062,0.250,99.688,0.0,0.0,0.0,234.0,102.0,234.0,102.0,0.0,0.0,0.0,0.0,0.0,0.0,0.0,0.0,0.0,0.0,0.0,0.0,0.0,0.0,0.0,0.0,0.0,0.0,0.0,0.0,0.0,0.0,0.0,0.0,0.0,0.0,0.0,0.0,2311270400.0,579203072.0,5898285056.0,91158831104.0,0.0,0.0
1556264132.451,0.125,0.125,99.750,0.0,0.0,0.0,300.0,980.0,300.0,980.0,0.0,0.0,0.0,12288.0,0.0,0.0,0.0,0.0,0.0,0.0,0.0,0.0,0.0,0.0,0.0,0.0,0.0,0.0,0.0,0.0,0.0,0.0,0.0,3.0,0.0,0.0,0.0,0.0,2314612736.0,579203072.0,5898285056.0,91155488768.0,0.0,0.0
1556264133.451,0.062,0.188,99.750,0.0,0.0,0.0,306.0,176.0,306.0,176.0,0.0,0.0,0.0,0.0,0.0,0.0,0.0,0.0,0.0,0.0,0.0,0.0,0.0,0.0,0.0,0.0,0.0,0.0,0.0,0.0,0.0,0.0,0.0,0.0,0.0,0.0,0.0,0.0,2314694656.0,579203072.0,5898289152.0,91155402752.0,0.0,0.0
1556264134.451,0.0,0.125,99.812,0.063,0.0,0.0,1596.0,1346.0,1596.0,1346.0,0.0,0.0,0.0,0.0,0.0,0.0,0.0,0.0,0.0,0.0,0.0,0.0,0.0,0.0,0.0,0.0,0.0,0.0,0.0,0.0,0.0,0.0,0.0,0.0,0.0,0.0,0.0,0.0,2314534912.0,579203072.0,5898289152.0,91155562496.0,0.0,0.0
1556264135.451,0.125,0.187,99.688,0.0,0.0,0.0,2574.0,2280.0,2574.0,2280.0,0.0,8192.0,0.0,0.0,0.0,0.0,0.0,0.0,0.0,0.0,0.0,0.0,0.0,0.0,0.0,0.0,0.0,0.0,0.0,0.0,0.0,2.0,0.0,0.0,0.0,0.0,0.0,0.0,2314313728.0,579203072.0,5898289152.0,91155783680.0,0.0,0.0
1556264136.451,0.063,0.125,99.812,0.0,0.0,0.0,2478.0,2486.0,2478.0,2486.0,0.0,0.0,0.0,0.0,0.0,0.0,0.0,0.0,0.0,0.0,0.0,0.0,0.0,0.0,0.0,0.0,0.0,0.0,0.0,0.0,0.0,0.0,0.0,0.0,0.0,0.0,0.0,0.0,2314330112.0,579203072.0,5898293248.0,91155763200.0,0.0,0.0
1556264137.451,0.063,0.188,99.750,0.0,0.0,0.0,2676.0,2386.0,2676.0,2386.0,0.0,0.0,0.0,0.0,0.0,0.0,0.0,0.0,0.0,0.0,0.0,0.0,0.0,0.0,0.0,0.0,0.0,0.0,0.0,0.0,0.0,0.0,0.0,0.0,0.0,0.0,0.0,0.0,2313981952.0,579203072.0,5898293248.0,91156111360.0,0.0,0.0
1556264138.451,0.062,0.188,99.750,0.0,0.0,0.0,2442.0,2420.0,2442.0,2420.0,0.0,12288.0,0.0,45056.0,0.0,0.0,0.0,0.0,0.0,0.0,0.0,0.0,0.0,0.0,0.0,0.0,0.0,0.0,0.0,0.0,0.0,3.0,0.0,11.0,0.0,0.0,0.0,0.0,2313814016.0,579203072.0,5898301440.0,91156271104.0,0.0,0.0
1556264139.451,0.063,0.250,99.687,0.0,0.0,0.0,2544.0,2312.0,2544.0,2312.0,0.0,0.0,0.0,12288.0,0.0,0.0,0.0,0.0,0.0,0.0,0.0,0.0,0.0,0.0,0.0,0.0,0.0,0.0,0.0,0.0,0.0,0.0,0.0,2.0,0.0,0.0,0.0,0.0,2313814016.0,579203072.0,5898301440.0,91156271104.0,0.0,0.0
1556264140.451,0.125,0.187,99.625,0.062,0.0,0.0,2610.0,2394.0,2610.0,2394.0,0.0,36864.0,0.0,0.0,0.0,0.0,0.0,0.0,0.0,0.0,0.0,0.0,0.0,0.0,0.0,0.0,0.0,0.0,0.0,0.0,0.0,9.0,0.0,0.0,0.0,0.0,0.0,0.0,2313719808.0,579203072.0,5898301440.0,91156365312.0,0.0,0.0
1556264141.451,0.125,0.125,99.750,0.0,0.0,0.0,2640.0,2320.0,2640.0,2320.0,0.0,0.0,0.0,0.0,0.0,0.0,0.0,0.0,0.0,0.0,0.0,0.0,0.0,0.0,0.0,0.0,0.0,0.0,0.0,0.0,0.0,0.0,0.0,0.0,0.0,0.0,0.0,0.0,2313433088.0,579203072.0,5898301440.0,91156652032.0,0.0,0.0
1556264142.451,0.0,0.188,99.812,0.0,0.0,0.0,2508.0,2302.0,2508.0,2302.0,0.0,0.0,0.0,0.0,0.0,0.0,0.0,0.0,0.0,0.0,0.0,0.0,0.0,0.0,0.0,0.0,0.0,0.0,0.0,0.0,0.0,0.0,0.0,0.0,0.0,0.0,0.0,0.0,2313433088.0,579203072.0,5898301440.0,91156652032.0,0.0,0.0
1556264143.451,0.062,0.187,99.750,0.0,0.0,0.0,1692.0,1392.0,1692.0,1392.0,0.0,0.0,0.0,0.0,0.0,0.0,0.0,0.0,0.0,0.0,0.0,0.0,0.0,0.0,0.0,0.0,0.0,0.0,0.0,0.0,0.0,0.0,0.0,0.0,0.0,0.0,0.0,0.0,2313338880.0,579203072.0,5898301440.0,91156746240.0,0.0,0.0
1556264144.451,0.0,0.188,99.750,0.063,0.0,0.0,306.0,702.0,306.0,702.0,0.0,0.0,0.0,24576.0,0.0,0.0,0.0,0.0,0.0,0.0,0.0,0.0,0.0,0.0,0.0,0.0,0.0,0.0,0.0,0.0,0.0,0.0,0.0,6.0,0.0,0.0,0.0,0.0,2310696960.0,579203072.0,5898301440.0,91159388160.0,0.0,0.0
1556264145.451,0.062,0.125,99.812,0.0,0.0,0.0,198.0,0.0,198.0,0.0,0.0,0.0,0.0,0.0,0.0,0.0,0.0,0.0,0.0,0.0,0.0,0.0,0.0,0.0,0.0,0.0,0.0,0.0,0.0,0.0,0.0,0.0,0.0,0.0,0.0,0.0,0.0,0.0,2310127616.0,579203072.0,5898289152.0,91159969792.0,0.0,0.0
1556264146.451,0.062,0.125,99.812,0.0,0.0,0.0,0.0,0.0,0.0,0.0,0.0,0.0,0.0,0.0,0.0,0.0,0.0,0.0,0.0,0.0,0.0,0.0,0.0,0.0,0.0,0.0,0.0,0.0,0.0,0.0,0.0,0.0,0.0,0.0,0.0,0.0,0.0,0.0,2309918720.0,579203072.0,5898289152.0,91160178688.0,0.0,0.0
1556264147.451,0.0,0.250,99.750,0.0,0.0,0.0,676.0,5676.0,676.0,5676.0,0.0,0.0,0.0,0.0,0.0,0.0,0.0,0.0,0.0,0.0,0.0,0.0,0.0,0.0,0.0,0.0,0.0,0.0,0.0,0.0,0.0,0.0,0.0,0.0,0.0,0.0,0.0,0.0,2309918720.0,579203072.0,5898289152.0,91160178688.0,0.0,0.0
1556264148.451,0.0,0.125,99.875,0.0,0.0,0.0,0.0,0.0,0.0,0.0,0.0,0.0,0.0,0.0,0.0,0.0,0.0,0.0,0.0,0.0,0.0,0.0,0.0,0.0,0.0,0.0,0.0,0.0,0.0,0.0,0.0,0.0,0.0,0.0,0.0,0.0,0.0,0.0,2309816320.0,579203072.0,5898289152.0,91160281088.0,0.0,0.0
1556264149.451,0.062,0.250,99.688,0.0,0.0,0.0,0.0,0.0,0.0,0.0,0.0,0.0,0.0,0.0,0.0,0.0,0.0,0.0,0.0,0.0,0.0,0.0,0.0,0.0,0.0,0.0,0.0,0.0,0.0,0.0,0.0,0.0,0.0,0.0,0.0,0.0,0.0,0.0,2309816320.0,579203072.0,5898289152.0,91160281088.0,0.0,0.0
1556264150.451,4.245,0.499,95.131,0.062,0.0,0.062,234.0,394.0,234.0,394.0,0.0,40960.0,0.0,40960.0,0.0,0.0,0.0,0.0,0.0,0.0,0.0,0.0,0.0,0.0,0.0,0.0,0.0,0.0,0.0,0.0,0.0,3.0,0.0,10.0,0.0,0.0,0.0,0.0,2380439552.0,579203072.0,5903548416.0,91084398592.0,0.0,0.0
1556264151.451,8.071,6.747,84.931,0.126,0.0,0.126,1022.0,849.0,1022.0,1150.0,0.0,3203072.0,0.0,0.0,0.0,0.0,0.0,0.0,0.0,20.0,0.0,0.0,0.0,0.0,0.0,0.0,0.0,0.0,0.0,0.0,0.0,323.0,0.0,0.0,0.0,0.0,0.0,0.0,2564186112.0,579203072.0,5925650432.0,90878550016.0,0.0,0.0
1556264152.451,2.125,0.938,96.812,0.062,0.0,0.062,375.0,278.0,375.0,2323.0,0.0,1413120.0,0.0,0.0,0.0,0.0,0.0,0.0,0.0,8.0,0.0,0.0,0.0,0.0,0.0,0.0,0.0,0.0,0.0,0.0,0.0,132.0,0.0,0.0,0.0,0.0,0.0,0.0,2519687168.0,579203072.0,5925978112.0,90922721280.0,0.0,0.0
1556264153.450,2.068,0.689,97.118,0.063,0.0,0.063,375.0,262.0,375.0,8122.0,0.0,1175552.0,0.0,0.0,0.0,0.0,0.0,0.0,0.0,8.0,0.0,0.0,0.0,0.0,0.0,0.0,0.0,0.0,0.0,0.0,0.0,126.0,0.0,0.0,0.0,0.0,0.0,0.0,2472730624.0,579203072.0,5926203392.0,90969452544.0,0.0,0.0
1556264154.451,7.585,6.764,85.461,0.063,0.0,0.126,441.0,686.0,441.0,5165.0,0.0,3571712.0,0.0,0.0,0.0,942080.0,0.0,0.0,0.0,64.0,0.0,0.0,0.0,16.0,0.0,0.0,0.0,0.0,0.0,0.0,0.0,329.0,0.0,0.0,0.0,70.0,0.0,0.0,2561552384.0,579203072.0,5924466688.0,90882367488.0,0.0,0.0
1556264155.451,8.994,2.201,88.679,0.063,0.0,0.063,750.0,626.0,750.0,3874.0,0.0,745472.0,0.0,12427264.0,0.0,192512.0,0.0,0.0,0.0,8.0,0.0,56.0,0.0,0.0,0.0,0.0,0.0,0.0,0.0,0.0,0.0,55.0,0.0,796.0,0.0,46.0,0.0,0.0,2608992256.0,579203072.0,5914509312.0,90844884992.0,0.0,0.0
1556264156.451,7.895,3.133,88.847,0.063,0.0,0.063,441.0,254.0,441.0,8009.0,0.0,663552.0,0.0,0.0,0.0,11522048.0,0.0,0.0,0.0,20.0,0.0,0.0,0.0,40.0,0.0,0.0,0.0,0.0,0.0,0.0,0.0,86.0,0.0,0.0,0.0,688.0,0.0,0.0,2666586112.0,579203072.0,5880012800.0,90821787648.0,0.0,0.0
1556264157.451,0.628,0.314,99.058,0.0,0.0,0.0,927.0,456.0,927.0,3425.0,0.0,0.0,0.0,0.0,0.0,905216.0,0.0,0.0,0.0,0.0,0.0,0.0,0.0,0.0,0.0,0.0,0.0,0.0,0.0,0.0,0.0,0.0,0.0,0.0,0.0,109.0,0.0,0.0,2674585600.0,579203072.0,5877358592.0,90816442368.0,0.0,0.0
1556264158.451,0.125,0.501,99.374,0.0,0.0,0.0,309.0,152.0,309.0,2999.0,0.0,0.0,0.0,0.0,0.0,0.0,0.0,0.0,0.0,0.0,0.0,0.0,0.0,0.0,0.0,0.0,0.0,0.0,0.0,0.0,0.0,0.0,0.0,0.0,0.0,0.0,0.0,0.0,2674733056.0,579203072.0,5877358592.0,90816294912.0,0.0,0.0
1556264159.450,4.329,0.627,94.981,0.0,0.0,0.063,0.0,126.0,0.0,1086.0,0.0,0.0,0.0,200704.0,0.0,0.0,0.0,0.0,0.0,0.0,0.0,0.0,0.0,0.0,0.0,0.0,0.0,0.0,0.0,0.0,0.0,0.0,0.0,49.0,0.0,0.0,0.0,0.0,2699980800.0,579203072.0,5877358592.0,90791047168.0,0.0,0.0
1556264160.450,8.886,2.691,87.797,0.501,0.0,0.125,330.0,1028.0,16016.0,19871.0,0.0,29458432.0,0.0,4096.0,0.0,0.0,0.0,0.0,0.0,4048.0,0.0,0.0,0.0,0.0,0.0,0.0,0.0,0.0,0.0,0.0,0.0,248.0,0.0,1.0,0.0,0.0,0.0,0.0,2571677696.0,579203072.0,5904580608.0,90892128256.0,0.0,0.0
1556264161.451,3.598,3.725,92.298,0.063,0.0,0.316,1677.0,1200.0,2093.0,1.84467440737e+19,0.0,1470464.0,0.0,45056.0,0.0,0.0,0.0,0.0,0.0,4.0,0.0,0.0,0.0,0.0,0.0,0.0,0.0,0.0,0.0,0.0,0.0,210.0,0.0,11.0,0.0,0.0,0.0,0.0,2493276160.0,579203072.0,5904592896.0,90970517504.0,0.0,0.0
1556264162.451,0.818,0.944,98.112,0.063,0.0,0.063,441.0,254.0,1.84467440737e+19,1.84467440737e+19,0.0,319488.0,0.0,0.0,0.0,36864.0,0.0,0.0,0.0,0.0,0.0,0.0,0.0,0.0,0.0,0.0,0.0,0.0,0.0,0.0,0.0,57.0,0.0,0.0,0.0,9.0,0.0,0.0,2477871104.0,579203072.0,5904465920.0,90986049536.0,0.0,0.0
1556264163.451,0.063,0.125,99.812,0.0,0.0,0.0,309.0,152.0,309.0,152.0,0.0,0.0,0.0,0.0,0.0,0.0,0.0,0.0,0.0,0.0,0.0,0.0,0.0,0.0,0.0,0.0,0.0,0.0,0.0,0.0,0.0,0.0,0.0,0.0,0.0,0.0,0.0,0.0,2476924928.0,579203072.0,5904465920.0,90986995712.0,0.0,0.0
1556264164.451,0.0,0.250,99.750,0.0,0.0,0.0,0.0,0.0,0.0,0.0,0.0,0.0,0.0,0.0,0.0,0.0,0.0,0.0,0.0,0.0,0.0,0.0,0.0,0.0,0.0,0.0,0.0,0.0,0.0,0.0,0.0,0.0,0.0,0.0,0.0,0.0,0.0,0.0,2476924928.0,579203072.0,5904465920.0,90986995712.0,0.0,0.0
1556264165.451,0.0,0.125,99.875,0.0,0.0,0.0,0.0,0.0,0.0,0.0,0.0,0.0,0.0,0.0,0.0,0.0,0.0,0.0,0.0,0.0,0.0,0.0,0.0,0.0,0.0,0.0,0.0,0.0,0.0,0.0,0.0,0.0,0.0,0.0,0.0,0.0,0.0,0.0,2475655168.0,579203072.0,5904465920.0,90988265472.0,0.0,0.0
1556264166.451,0.062,0.125,99.812,0.0,0.0,0.0,0.0,0.0,0.0,261.0,0.0,0.0,0.0,0.0,0.0,0.0,0.0,0.0,0.0,0.0,0.0,0.0,0.0,0.0,0.0,0.0,0.0,0.0,0.0,0.0,0.0,0.0,0.0,0.0,0.0,0.0,0.0,0.0,2475147264.0,579203072.0,5904465920.0,90988773376.0,0.0,0.0
1556264167.451,0.125,0.187,99.688,0.0,0.0,0.0,0.0,0.0,0.0,0.0,0.0,0.0,0.0,12288.0,0.0,0.0,0.0,0.0,0.0,0.0,0.0,0.0,0.0,0.0,0.0,0.0,0.0,0.0,0.0,0.0,0.0,0.0,0.0,3.0,0.0,0.0,0.0,0.0,2475147264.0,579203072.0,5904465920.0,90988773376.0,0.0,0.0
1556264168.451,0.625,0.187,99.126,0.062,0.0,0.0,0.0,0.0,0.0,428.0,0.0,49152.0,0.0,0.0,0.0,0.0,0.0,0.0,0.0,0.0,0.0,0.0,0.0,0.0,0.0,0.0,0.0,0.0,0.0,0.0,0.0,3.0,0.0,0.0,0.0,0.0,0.0,0.0,2461560832.0,579203072.0,5904465920.0,91002359808.0,0.0,0.0
1556264169.451,0.313,0.313,99.375,0.0,0.0,0.0,0.0,0.0,0.0,107.0,0.0,0.0,0.0,0.0,0.0,364544.0,0.0,0.0,0.0,0.0,0.0,0.0,0.0,0.0,0.0,0.0,0.0,0.0,0.0,0.0,0.0,0.0,0.0,0.0,0.0,89.0,0.0,0.0,2428035072.0,579203072.0,5904470016.0,91035881472.0,0.0,0.0
1556264170.451,0.753,1.129,98.055,0.0,0.0,0.063,0.0,0.0,6466.0,0.0,0.0,86016.0,0.0,0.0,0.0,0.0,0.0,0.0,0.0,0.0,0.0,0.0,0.0,0.0,0.0,0.0,0.0,0.0,0.0,0.0,0.0,29.0,0.0,0.0,0.0,0.0,0.0,0.0,2412756992.0,579203072.0,5904470016.0,91051159552.0,0.0,0.0
1556264171.451,4.554,2.910,92.220,0.127,0.0,0.190,2147.0,2921.0,1.84467440737e+19,1.84467440737e+19,0.0,2453504.0,0.0,0.0,0.0,0.0,0.0,0.0,0.0,24.0,0.0,0.0,0.0,0.0,0.0,0.0,0.0,0.0,0.0,0.0,0.0,186.0,0.0,0.0,0.0,0.0,0.0,0.0,2321121280.0,579203072.0,5877145600.0,91170119680.0,0.0,0.0
1556264172.451,0.062,0.188,99.750,0.0,0.0,0.0,441.0,152.0,441.0,152.0,0.0,0.0,0.0,0.0,0.0,0.0,0.0,0.0,0.0,0.0,0.0,0.0,0.0,0.0,0.0,0.0,0.0,0.0,0.0,0.0,0.0,0.0,0.0,0.0,0.0,0.0,0.0,0.0,2318893056.0,579203072.0,5876199424.0,91173294080.0,0.0,0.0
1556264173.451,0.0,0.188,99.812,0.0,0.0,0.0,0.0,0.0,0.0,0.0,0.0,0.0,0.0,16384.0,0.0,0.0,0.0,0.0,0.0,0.0,0.0,0.0,0.0,0.0,0.0,0.0,0.0,0.0,0.0,0.0,0.0,0.0,0.0,4.0,0.0,0.0,0.0,0.0,2318893056.0,579203072.0,5876199424.0,91173294080.0,0.0,0.0
1556264174.451,0.0,0.125,99.812,0.062,0.0,0.0,0.0,0.0,0.0,0.0,0.0,0.0,0.0,167936.0,0.0,0.0,0.0,0.0,0.0,0.0,0.0,0.0,0.0,0.0,0.0,0.0,0.0,0.0,0.0,0.0,0.0,0.0,0.0,40.0,0.0,0.0,0.0,0.0,2318639104.0,579203072.0,5876199424.0,91173548032.0,0.0,0.0
1556264175.451,0.063,0.125,99.812,0.0,0.0,0.0,0.0,0.0,0.0,0.0,0.0,0.0,0.0,0.0,0.0,61440.0,0.0,0.0,0.0,0.0,0.0,0.0,0.0,0.0,0.0,0.0,0.0,0.0,0.0,0.0,0.0,0.0,0.0,0.0,0.0,15.0,0.0,0.0,2317750272.0,579203072.0,5876199424.0,91174436864.0,0.0,0.0
1556264176.451,0.0,0.125,99.875,0.0,0.0,0.0,0.0,0.0,0.0,0.0,0.0,0.0,0.0,0.0,0.0,0.0,0.0,0.0,0.0,0.0,0.0,0.0,0.0,0.0,0.0,0.0,0.0,0.0,0.0,0.0,0.0,0.0,0.0,0.0,0.0,0.0,0.0,0.0,2317750272.0,579203072.0,5876199424.0,91174436864.0,0.0,0.0
1556264177.451,0.062,0.125,99.812,0.0,0.0,0.0,0.0,0.0,0.0,0.0,0.0,139264.0,0.0,0.0,0.0,0.0,0.0,0.0,0.0,0.0,0.0,0.0,0.0,0.0,0.0,0.0,0.0,0.0,0.0,0.0,0.0,3.0,0.0,0.0,0.0,0.0,0.0,0.0,2317369344.0,579203072.0,5876199424.0,91174817792.0,0.0,0.0
1556264178.451,0.0,0.125,99.875,0.0,0.0,0.0,0.0,0.0,0.0,0.0,0.0,0.0,0.0,0.0,0.0,0.0,0.0,0.0,0.0,0.0,0.0,0.0,0.0,0.0,0.0,0.0,0.0,0.0,0.0,0.0,0.0,0.0,0.0,0.0,0.0,0.0,0.0,0.0,2316607488.0,579203072.0,5876199424.0,91175579648.0,0.0,0.0
1556264179.451,0.062,0.250,99.688,0.0,0.0,0.0,0.0,0.0,0.0,0.0,0.0,0.0,0.0,61440.0,0.0,0.0,0.0,0.0,0.0,0.0,0.0,0.0,0.0,0.0,0.0,0.0,0.0,0.0,0.0,0.0,0.0,0.0,0.0,15.0,0.0,0.0,0.0,0.0,2316734464.0,579203072.0,5876199424.0,91175452672.0,0.0,0.0
1556264180.451,0.0,0.125,99.875,0.0,0.0,0.0,0.0,0.0,0.0,0.0,0.0,0.0,0.0,49152.0,0.0,53248.0,0.0,0.0,0.0,0.0,0.0,0.0,0.0,0.0,0.0,0.0,0.0,0.0,0.0,0.0,0.0,0.0,0.0,12.0,0.0,13.0,0.0,0.0,2316464128.0,579203072.0,5876199424.0,91175723008.0,0.0,0.0
1556264181.451,0.062,0.187,99.688,0.062,0.0,0.0,0.0,0.0,0.0,0.0,0.0,0.0,0.0,0.0,0.0,0.0,0.0,0.0,0.0,0.0,0.0,0.0,0.0,0.0,0.0,0.0,0.0,0.0,0.0,0.0,0.0,0.0,0.0,0.0,0.0,0.0,0.0,0.0,2314498048.0,579203072.0,5876199424.0,91177689088.0,0.0,0.0
1556264182.451,0.125,0.063,99.812,0.0,0.0,0.0,0.0,0.0,0.0,0.0,0.0,0.0,0.0,0.0,0.0,0.0,0.0,0.0,0.0,0.0,0.0,0.0,0.0,0.0,0.0,0.0,0.0,0.0,0.0,0.0,0.0,0.0,0.0,0.0,0.0,0.0,0.0,0.0,2313981952.0,579203072.0,5876195328.0,91178209280.0,0.0,0.0
1556264183.451,0.0,0.250,99.750,0.0,0.0,0.0,0.0,0.0,0.0,0.0,0.0,0.0,0.0,0.0,0.0,0.0,0.0,0.0,0.0,0.0,0.0,0.0,0.0,0.0,0.0,0.0,0.0,0.0,0.0,0.0,0.0,0.0,0.0,0.0,0.0,0.0,0.0,0.0,2313601024.0,579203072.0,5876195328.0,91178590208.0,0.0,0.0
1556264184.451,0.0,0.063,99.937,0.0,0.0,0.0,0.0,0.0,0.0,0.0,0.0,0.0,0.0,0.0,0.0,0.0,0.0,0.0,0.0,0.0,0.0,0.0,0.0,0.0,0.0,0.0,0.0,0.0,0.0,0.0,0.0,0.0,0.0,0.0,0.0,0.0,0.0,0.0,2313093120.0,579203072.0,5876195328.0,91179098112.0,0.0,0.0
1556264185.451,0.062,0.187,99.688,0.062,0.0,0.0,0.0,0.0,0.0,0.0,0.0,0.0,0.0,12288.0,0.0,0.0,0.0,0.0,0.0,0.0,0.0,0.0,0.0,0.0,0.0,0.0,0.0,0.0,0.0,0.0,0.0,0.0,0.0,3.0,0.0,0.0,0.0,0.0,2312839168.0,579203072.0,5876195328.0,91179352064.0,0.0,0.0
1556264186.451,0.062,0.125,99.812,0.0,0.0,0.0,0.0,0.0,0.0,0.0,0.0,0.0,0.0,8192.0,0.0,0.0,0.0,0.0,0.0,0.0,0.0,0.0,0.0,0.0,0.0,0.0,0.0,0.0,0.0,0.0,0.0,0.0,0.0,2.0,0.0,0.0,0.0,0.0,2312581120.0,579203072.0,5876199424.0,91179606016.0,0.0,0.0
1556264187.451,0.0,0.125,99.875,0.0,0.0,0.0,0.0,0.0,0.0,0.0,0.0,0.0,0.0,0.0,0.0,0.0,0.0,0.0,0.0,0.0,0.0,0.0,0.0,0.0,0.0,0.0,0.0,0.0,0.0,0.0,0.0,0.0,0.0,0.0,0.0,0.0,0.0,0.0,2312183808.0,579203072.0,5876199424.0,91180003328.0,0.0,0.0
1556264188.451,0.0,0.125,99.875,0.0,0.0,0.0,0.0,0.0,0.0,0.0,0.0,0.0,0.0,0.0,0.0,0.0,0.0,0.0,0.0,0.0,0.0,0.0,0.0,0.0,0.0,0.0,0.0,0.0,0.0,0.0,0.0,0.0,0.0,0.0,0.0,0.0,0.0,0.0,2311786496.0,579203072.0,5876199424.0,91180400640.0,0.0,0.0
1556264189.451,0.062,0.188,99.750,0.0,0.0,0.0,0.0,0.0,0.0,0.0,0.0,0.0,0.0,0.0,0.0,0.0,0.0,0.0,0.0,0.0,0.0,0.0,0.0,0.0,0.0,0.0,0.0,0.0,0.0,0.0,0.0,0.0,0.0,0.0,0.0,0.0,0.0,0.0,2311405568.0,579203072.0,5876199424.0,91180781568.0,0.0,0.0
1556264190.451,0.0,0.188,99.812,0.0,0.0,0.0,0.0,0.0,0.0,0.0,0.0,0.0,0.0,0.0,0.0,0.0,0.0,0.0,0.0,0.0,0.0,0.0,0.0,0.0,0.0,0.0,0.0,0.0,0.0,0.0,0.0,0.0,0.0,0.0,0.0,0.0,0.0,0.0,2311213056.0,579203072.0,5876199424.0,91180974080.0,0.0,0.0
1556264191.451,0.062,0.125,99.750,0.062,0.0,0.0,0.0,0.0,0.0,0.0,0.0,0.0,0.0,24576.0,0.0,0.0,0.0,0.0,0.0,0.0,0.0,0.0,0.0,0.0,0.0,0.0,0.0,0.0,0.0,0.0,0.0,0.0,0.0,6.0,0.0,0.0,0.0,0.0,2311086080.0,579203072.0,5876199424.0,91181101056.0,0.0,0.0
1556264192.451,0.0,0.125,99.875,0.0,0.0,0.0,0.0,0.0,0.0,0.0,0.0,0.0,0.0,12288.0,0.0,0.0,0.0,0.0,0.0,0.0,0.0,0.0,0.0,0.0,0.0,0.0,0.0,0.0,0.0,0.0,0.0,0.0,0.0,3.0,0.0,0.0,0.0,0.0,2310959104.0,579203072.0,5876199424.0,91181228032.0,0.0,0.0
1556264193.451,0.0,0.250,99.750,0.0,0.0,0.0,0.0,0.0,0.0,0.0,0.0,0.0,0.0,0.0,0.0,0.0,0.0,0.0,0.0,0.0,0.0,0.0,0.0,0.0,0.0,0.0,0.0,0.0,0.0,0.0,0.0,0.0,0.0,0.0,0.0,0.0,0.0,0.0,2310959104.0,579203072.0,5876199424.0,91181228032.0,0.0,0.0
1556264194.451,0.125,0.125,99.750,0.0,0.0,0.0,0.0,0.0,0.0,0.0,0.0,0.0,0.0,0.0,0.0,0.0,0.0,0.0,0.0,0.0,0.0,0.0,0.0,0.0,0.0,0.0,0.0,0.0,0.0,0.0,0.0,0.0,0.0,0.0,0.0,0.0,0.0,0.0,2310832128.0,579203072.0,5876199424.0,91181355008.0,0.0,0.0
1556264195.450,0.0,0.125,99.812,0.063,0.0,0.0,0.0,0.0,0.0,0.0,0.0,495616.0,0.0,0.0,0.0,0.0,0.0,0.0,0.0,0.0,0.0,0.0,0.0,0.0,0.0,0.0,0.0,0.0,0.0,0.0,0.0,61.0,0.0,0.0,0.0,0.0,0.0,0.0,2310578176.0,579203072.0,5876199424.0,91181608960.0,0.0,0.0
1556264196.451,0.0,0.125,99.875,0.0,0.0,0.0,0.0,0.0,0.0,0.0,0.0,0.0,0.0,0.0,0.0,0.0,0.0,0.0,0.0,0.0,0.0,0.0,0.0,0.0,0.0,0.0,0.0,0.0,0.0,0.0,0.0,0.0,0.0,0.0,0.0,0.0,0.0,0.0,2310594560.0,579203072.0,5876199424.0,91181592576.0,0.0,0.0
1556264197.451,0.0,0.125,99.875,0.0,0.0,0.0,0.0,0.0,0.0,0.0,0.0,0.0,0.0,12288.0,0.0,0.0,0.0,0.0,0.0,0.0,0.0,0.0,0.0,0.0,0.0,0.0,0.0,0.0,0.0,0.0,0.0,0.0,0.0,3.0,0.0,0.0,0.0,0.0,2310467584.0,579203072.0,5876199424.0,91181719552.0,0.0,0.0
1556264198.451,0.062,0.250,99.688,0.0,0.0,0.0,0.0,0.0,0.0,0.0,0.0,0.0,0.0,4096.0,0.0,0.0,0.0,0.0,0.0,0.0,0.0,0.0,0.0,0.0,0.0,0.0,0.0,0.0,0.0,0.0,0.0,0.0,0.0,1.0,0.0,0.0,0.0,0.0,2310397952.0,579203072.0,5876199424.0,91181789184.0,0.0,0.0
1556264199.451,0.0,0.188,99.812,0.0,0.0,0.0,0.0,0.0,0.0,0.0,0.0,0.0,0.0,0.0,0.0,0.0,0.0,0.0,0.0,0.0,0.0,0.0,0.0,0.0,0.0,0.0,0.0,0.0,0.0,0.0,0.0,0.0,0.0,0.0,0.0,0.0,0.0,0.0,2310397952.0,579203072.0,5876199424.0,91181789184.0,0.0,0.0
1556264200.451,0.062,0.125,99.812,0.0,0.0,0.0,0.0,0.0,0.0,0.0,0.0,0.0,0.0,0.0,0.0,0.0,0.0,0.0,0.0,0.0,0.0,0.0,0.0,0.0,0.0,0.0,0.0,0.0,0.0,0.0,0.0,0.0,0.0,0.0,0.0,0.0,0.0,0.0,2310270976.0,579203072.0,5876199424.0,91181916160.0,0.0,0.0
1556264201.451,0.0,0.125,99.812,0.062,0.0,0.0,0.0,0.0,0.0,0.0,0.0,40960.0,0.0,0.0,0.0,0.0,0.0,0.0,0.0,0.0,0.0,0.0,0.0,0.0,0.0,0.0,0.0,0.0,0.0,0.0,0.0,3.0,0.0,0.0,0.0,0.0,0.0,0.0,2310144000.0,579203072.0,5876199424.0,91182043136.0,0.0,0.0
1556264202.451,0.0,0.188,99.812,0.0,0.0,0.0,0.0,0.0,0.0,0.0,0.0,0.0,0.0,0.0,0.0,0.0,0.0,0.0,0.0,0.0,0.0,0.0,0.0,0.0,0.0,0.0,0.0,0.0,0.0,0.0,0.0,0.0,0.0,0.0,0.0,0.0,0.0,0.0,2310144000.0,579203072.0,5876199424.0,91182043136.0,0.0,0.0
1556264203.451,0.0,0.188,99.812,0.0,0.0,0.0,0.0,0.0,0.0,0.0,0.0,0.0,0.0,12288.0,0.0,0.0,0.0,0.0,0.0,0.0,0.0,0.0,0.0,0.0,0.0,0.0,0.0,0.0,0.0,0.0,0.0,0.0,0.0,3.0,0.0,0.0,0.0,0.0,2310144000.0,579203072.0,5876199424.0,91182043136.0,0.0,0.0
1556264204.451,0.0,0.125,99.875,0.0,0.0,0.0,0.0,0.0,0.0,0.0,0.0,0.0,0.0,8192.0,0.0,0.0,0.0,0.0,0.0,0.0,0.0,0.0,0.0,0.0,0.0,0.0,0.0,0.0,0.0,0.0,0.0,0.0,0.0,2.0,0.0,0.0,0.0,0.0,2310139904.0,579203072.0,5876203520.0,91182043136.0,0.0,0.0
1556264205.451,0.062,0.187,99.688,0.062,0.0,0.0,0.0,0.0,0.0,0.0,0.0,0.0,0.0,0.0,0.0,0.0,0.0,0.0,0.0,0.0,0.0,0.0,0.0,0.0,0.0,0.0,0.0,0.0,0.0,0.0,0.0,0.0,0.0,0.0,0.0,0.0,0.0,0.0,2310082560.0,579203072.0,5876203520.0,91182100480.0,0.0,0.0
1556264206.451,0.0,0.125,99.875,0.0,0.0,0.0,0.0,0.0,0.0,0.0,0.0,0.0,0.0,0.0,0.0,0.0,0.0,0.0,0.0,0.0,0.0,0.0,0.0,0.0,0.0,0.0,0.0,0.0,0.0,0.0,0.0,0.0,0.0,0.0,0.0,0.0,0.0,0.0,2310082560.0,579203072.0,5876203520.0,91182100480.0,0.0,0.0
1556264207.451,0.0,0.188,99.812,0.0,0.0,0.0,0.0,0.0,0.0,0.0,0.0,0.0,0.0,0.0,0.0,0.0,0.0,0.0,0.0,0.0,0.0,0.0,0.0,0.0,0.0,0.0,0.0,0.0,0.0,0.0,0.0,0.0,0.0,0.0,0.0,0.0,0.0,0.0,2310082560.0,579203072.0,5876203520.0,91182100480.0,0.0,0.0
1556264208.451,0.063,0.125,99.812,0.0,0.0,0.0,0.0,0.0,0.0,0.0,0.0,0.0,0.0,0.0,0.0,0.0,0.0,0.0,0.0,0.0,0.0,0.0,0.0,0.0,0.0,0.0,0.0,0.0,0.0,0.0,0.0,0.0,0.0,0.0,0.0,0.0,0.0,0.0,2310082560.0,579203072.0,5876203520.0,91182100480.0,0.0,0.0
1556264209.450,0.062,0.250,99.688,0.0,0.0,0.0,0.0,0.0,0.0,0.0,0.0,0.0,0.0,24576.0,0.0,0.0,0.0,0.0,0.0,0.0,0.0,0.0,0.0,0.0,0.0,0.0,0.0,0.0,0.0,0.0,0.0,0.0,0.0,6.0,0.0,0.0,0.0,0.0,2310082560.0,579203072.0,5876203520.0,91182100480.0,0.0,0.0
1556264210.451,0.0,0.188,99.812,0.0,0.0,0.0,0.0,0.0,0.0,0.0,0.0,0.0,0.0,12288.0,0.0,0.0,0.0,0.0,0.0,0.0,0.0,0.0,0.0,0.0,0.0,0.0,0.0,0.0,0.0,0.0,0.0,0.0,0.0,3.0,0.0,0.0,0.0,0.0,2309955584.0,579203072.0,5876203520.0,91182227456.0,0.0,0.0
1556264211.451,0.062,0.125,99.750,0.062,0.0,0.0,0.0,0.0,0.0,0.0,0.0,0.0,0.0,0.0,0.0,0.0,0.0,0.0,0.0,0.0,0.0,0.0,0.0,0.0,0.0,0.0,0.0,0.0,0.0,0.0,0.0,0.0,0.0,0.0,0.0,0.0,0.0,0.0,2309955584.0,579203072.0,5876203520.0,91182227456.0,0.0,0.0
1556264212.451,0.0,0.125,99.875,0.0,0.0,0.0,0.0,0.0,0.0,0.0,0.0,0.0,0.0,0.0,0.0,0.0,0.0,0.0,0.0,0.0,0.0,0.0,0.0,0.0,0.0,0.0,0.0,0.0,0.0,0.0,0.0,0.0,0.0,0.0,0.0,0.0,0.0,0.0,2309844992.0,579203072.0,5876203520.0,91182338048.0,0.0,0.0
1556264213.451,0.0,0.125,99.875,0.0,0.0,0.0,0.0,0.0,0.0,0.0,0.0,0.0,0.0,0.0,0.0,0.0,0.0,0.0,0.0,0.0,0.0,0.0,0.0,0.0,0.0,0.0,0.0,0.0,0.0,0.0,0.0,0.0,0.0,0.0,0.0,0.0,0.0,0.0,2309783552.0,579203072.0,5876203520.0,91182399488.0,0.0,0.0
1556264214.451,0.0,0.188,99.812,0.0,0.0,0.0,0.0,0.0,0.0,0.0,0.0,0.0,0.0,0.0,0.0,0.0,0.0,0.0,0.0,0.0,0.0,0.0,0.0,0.0,0.0,0.0,0.0,0.0,0.0,0.0,0.0,0.0,0.0,0.0,0.0,0.0,0.0,0.0,2309783552.0,579203072.0,5876203520.0,91182399488.0,0.0,0.0
1556264215.451,0.063,0.063,99.875,0.0,0.0,0.0,0.0,0.0,0.0,0.0,0.0,0.0,0.0,12288.0,0.0,0.0,0.0,0.0,0.0,0.0,0.0,0.0,0.0,0.0,0.0,0.0,0.0,0.0,0.0,0.0,0.0,0.0,0.0,3.0,0.0,0.0,0.0,0.0,2309656576.0,579203072.0,5876203520.0,91182526464.0,0.0,0.0
1556264216.451,0.0,0.188,99.812,0.0,0.0,0.0,0.0,0.0,0.0,0.0,0.0,0.0,0.0,4096.0,0.0,0.0,0.0,0.0,0.0,0.0,0.0,0.0,0.0,0.0,0.0,0.0,0.0,0.0,0.0,0.0,0.0,0.0,0.0,1.0,0.0,0.0,0.0,0.0,2309656576.0,579203072.0,5876203520.0,91182526464.0,0.0,0.0
1556264217.451,0.062,0.125,99.750,0.062,0.0,0.0,0.0,0.0,0.0,0.0,0.0,0.0,0.0,0.0,0.0,0.0,0.0,0.0,0.0,0.0,0.0,0.0,0.0,0.0,0.0,0.0,0.0,0.0,0.0,0.0,0.0,0.0,0.0,0.0,0.0,0.0,0.0,0.0,2309656576.0,579203072.0,5876203520.0,91182526464.0,0.0,0.0
1556264218.451,0.0,0.188,99.812,0.0,0.0,0.0,0.0,0.0,0.0,0.0,0.0,0.0,0.0,0.0,0.0,0.0,0.0,0.0,0.0,0.0,0.0,0.0,0.0,0.0,0.0,0.0,0.0,0.0,0.0,0.0,0.0,0.0,0.0,0.0,0.0,0.0,0.0,0.0,2289065984.0,579203072.0,5876203520.0,91203117056.0,0.0,0.0
1556264219.451,0.062,0.187,99.750,0.0,0.0,0.0,0.0,0.0,0.0,0.0,0.0,0.0,0.0,0.0,0.0,0.0,0.0,0.0,0.0,0.0,0.0,0.0,0.0,0.0,0.0,0.0,0.0,0.0,0.0,0.0,0.0,0.0,0.0,0.0,0.0,0.0,0.0,0.0,2288656384.0,579203072.0,5876203520.0,91203526656.0,0.0,0.0
1556264220.451,2.001,0.125,97.874,0.0,0.0,0.0,0.0,0.0,0.0,0.0,0.0,0.0,0.0,0.0,0.0,0.0,0.0,0.0,0.0,0.0,0.0,0.0,0.0,0.0,0.0,0.0,0.0,0.0,0.0,0.0,0.0,0.0,0.0,0.0,0.0,0.0,0.0,0.0,2288234496.0,579203072.0,5876203520.0,91203948544.0,0.0,0.0
1556264221.451,0.0,0.188,99.812,0.0,0.0,0.0,0.0,0.0,0.0,0.0,0.0,0.0,0.0,12288.0,0.0,0.0,0.0,0.0,0.0,0.0,0.0,0.0,0.0,0.0,0.0,0.0,0.0,0.0,0.0,0.0,0.0,0.0,0.0,3.0,0.0,0.0,0.0,0.0,2288525312.0,579203072.0,5876207616.0,91203653632.0,0.0,0.0
1556264222.451,0.063,0.125,99.812,0.0,0.0,0.0,0.0,0.0,0.0,0.0,0.0,0.0,0.0,8192.0,0.0,0.0,0.0,0.0,0.0,0.0,0.0,0.0,0.0,0.0,0.0,0.0,0.0,0.0,0.0,0.0,0.0,0.0,0.0,2.0,0.0,0.0,0.0,0.0,2288513024.0,579207168.0,5876207616.0,91203661824.0,0.0,0.0
1556264223.451,0.0,0.125,99.875,0.0,0.0,0.0,0.0,0.0,0.0,0.0,0.0,0.0,0.0,0.0,0.0,0.0,0.0,0.0,0.0,0.0,0.0,0.0,0.0,0.0,0.0,0.0,0.0,0.0,0.0,0.0,0.0,0.0,0.0,0.0,0.0,0.0,0.0,0.0,2288513024.0,579207168.0,5876207616.0,91203661824.0,0.0,0.0
1556264224.451,0.0,0.250,99.688,0.062,0.0,0.0,0.0,0.0,0.0,0.0,0.0,0.0,0.0,0.0,0.0,0.0,0.0,0.0,0.0,0.0,0.0,0.0,0.0,0.0,0.0,0.0,0.0,0.0,0.0,0.0,0.0,0.0,0.0,0.0,0.0,0.0,0.0,0.0,2288513024.0,579207168.0,5876207616.0,91203661824.0,0.0,0.0
1556264225.451,0.0,0.125,99.875,0.0,0.0,0.0,0.0,0.0,0.0,0.0,0.0,0.0,0.0,0.0,0.0,0.0,0.0,0.0,0.0,0.0,0.0,0.0,0.0,0.0,0.0,0.0,0.0,0.0,0.0,0.0,0.0,0.0,0.0,0.0,0.0,0.0,0.0,0.0,2288496640.0,579207168.0,5876207616.0,91203678208.0,0.0,0.0
1556264226.451,0.0,0.125,99.875,0.0,0.0,0.0,0.0,0.0,0.0,0.0,0.0,0.0,0.0,0.0,0.0,0.0,0.0,0.0,0.0,0.0,0.0,0.0,0.0,0.0,0.0,0.0,0.0,0.0,0.0,0.0,0.0,0.0,0.0,0.0,0.0,0.0,0.0,0.0,2288496640.0,579207168.0,5876207616.0,91203678208.0,0.0,0.0
1556264227.451,0.0,0.125,99.875,0.0,0.0,0.0,0.0,0.0,0.0,0.0,0.0,0.0,0.0,36864.0,0.0,0.0,0.0,0.0,0.0,0.0,0.0,0.0,0.0,0.0,0.0,0.0,0.0,0.0,0.0,0.0,0.0,0.0,0.0,9.0,0.0,0.0,0.0,0.0,2288496640.0,579207168.0,5876207616.0,91203678208.0,0.0,0.0
1556264228.451,0.0,0.125,99.812,0.063,0.0,0.0,0.0,0.0,0.0,0.0,0.0,0.0,0.0,24576.0,0.0,0.0,0.0,0.0,0.0,0.0,0.0,0.0,0.0,0.0,0.0,0.0,0.0,0.0,0.0,0.0,0.0,0.0,0.0,6.0,0.0,0.0,0.0,0.0,2288496640.0,579207168.0,5876207616.0,91203678208.0,0.0,0.0
1556264229.451,0.062,0.250,99.688,0.0,0.0,0.0,0.0,0.0,0.0,0.0,0.0,0.0,0.0,0.0,0.0,0.0,0.0,0.0,0.0,0.0,0.0,0.0,0.0,0.0,0.0,0.0,0.0,0.0,0.0,0.0,0.0,0.0,0.0,0.0,0.0,0.0,0.0,0.0,2288496640.0,579207168.0,5876207616.0,91203678208.0,0.0,0.0
1556264230.451,0.063,0.125,99.812,0.0,0.0,0.0,0.0,0.0,0.0,0.0,0.0,0.0,0.0,0.0,0.0,0.0,0.0,0.0,0.0,0.0,0.0,0.0,0.0,0.0,0.0,0.0,0.0,0.0,0.0,0.0,0.0,0.0,0.0,0.0,0.0,0.0,0.0,0.0,2288496640.0,579207168.0,5876207616.0,91203678208.0,0.0,0.0
1556264231.451,0.062,0.187,99.750,0.0,0.0,0.0,0.0,0.0,0.0,0.0,0.0,0.0,0.0,0.0,0.0,0.0,0.0,0.0,0.0,0.0,0.0,0.0,0.0,0.0,0.0,0.0,0.0,0.0,0.0,0.0,0.0,0.0,0.0,0.0,0.0,0.0,0.0,0.0,2288472064.0,579207168.0,5876207616.0,91203702784.0,0.0,0.0
1556264232.451,0.063,0.125,99.812,0.0,0.0,0.0,0.0,0.0,0.0,0.0,0.0,0.0,0.0,0.0,0.0,0.0,0.0,0.0,0.0,0.0,0.0,0.0,0.0,0.0,0.0,0.0,0.0,0.0,0.0,0.0,0.0,0.0,0.0,0.0,0.0,0.0,0.0,0.0,2288472064.0,579207168.0,5876207616.0,91203702784.0,0.0,0.0
1556264233.451,0.0,0.125,99.875,0.0,0.0,0.0,0.0,0.0,0.0,0.0,0.0,0.0,0.0,12288.0,0.0,0.0,0.0,0.0,0.0,0.0,0.0,0.0,0.0,0.0,0.0,0.0,0.0,0.0,0.0,0.0,0.0,0.0,0.0,3.0,0.0,0.0,0.0,0.0,2288472064.0,579207168.0,5876207616.0,91203702784.0,0.0,0.0
1556264234.451,0.0,0.188,99.750,0.062,0.0,0.0,0.0,0.0,0.0,0.0,0.0,0.0,0.0,4096.0,0.0,0.0,0.0,0.0,0.0,0.0,0.0,0.0,0.0,0.0,0.0,0.0,0.0,0.0,0.0,0.0,0.0,0.0,0.0,1.0,0.0,0.0,0.0,0.0,2288472064.0,579207168.0,5876207616.0,91203702784.0,0.0,0.0
1556264235.451,0.125,0.187,99.688,0.0,0.0,0.0,0.0,0.0,0.0,0.0,0.0,0.0,0.0,0.0,0.0,0.0,0.0,0.0,0.0,0.0,0.0,0.0,0.0,0.0,0.0,0.0,0.0,0.0,0.0,0.0,0.0,0.0,0.0,0.0,0.0,0.0,0.0,0.0,2288472064.0,579207168.0,5876207616.0,91203702784.0,0.0,0.0
1556264236.451,0.0,0.125,99.875,0.0,0.0,0.0,0.0,0.0,0.0,0.0,0.0,32768.0,0.0,0.0,0.0,0.0,0.0,0.0,0.0,0.0,0.0,0.0,0.0,0.0,0.0,0.0,0.0,0.0,0.0,0.0,0.0,7.0,0.0,0.0,0.0,0.0,0.0,0.0,2288472064.0,579207168.0,5876207616.0,91203702784.0,0.0,0.0
1556264237.450,0.063,0.063,99.875,0.0,0.0,0.0,0.0,0.0,0.0,0.0,0.0,0.0,0.0,0.0,0.0,0.0,0.0,0.0,0.0,0.0,0.0,0.0,0.0,0.0,0.0,0.0,0.0,0.0,0.0,0.0,0.0,0.0,0.0,0.0,0.0,0.0,0.0,0.0,2288472064.0,579207168.0,5876207616.0,91203702784.0,0.0,0.0
1556264238.451,0.0,0.125,99.813,0.062,0.0,0.0,0.0,0.0,0.0,0.0,0.0,0.0,0.0,0.0,0.0,0.0,0.0,0.0,0.0,0.0,0.0,0.0,0.0,0.0,0.0,0.0,0.0,0.0,0.0,0.0,0.0,0.0,0.0,0.0,0.0,0.0,0.0,0.0,2288467968.0,579207168.0,5876211712.0,91203702784.0,0.0,0.0
1556264239.451,0.063,0.188,99.750,0.0,0.0,0.0,0.0,0.0,0.0,0.0,0.0,0.0,0.0,12288.0,0.0,0.0,0.0,0.0,0.0,0.0,0.0,0.0,0.0,0.0,0.0,0.0,0.0,0.0,0.0,0.0,0.0,0.0,0.0,3.0,0.0,0.0,0.0,0.0,2288340992.0,579207168.0,5876211712.0,91203829760.0,0.0,0.0
1556264240.451,0.0,0.188,99.812,0.0,0.0,0.0,0.0,0.0,0.0,0.0,0.0,0.0,0.0,8192.0,0.0,0.0,0.0,0.0,0.0,0.0,0.0,0.0,0.0,0.0,0.0,0.0,0.0,0.0,0.0,0.0,0.0,0.0,0.0,2.0,0.0,0.0,0.0,0.0,2288340992.0,579207168.0,5876211712.0,91203829760.0,0.0,0.0
1556264241.451,0.063,0.125,99.812,0.0,0.0,0.0,0.0,0.0,0.0,0.0,0.0,0.0,0.0,0.0,0.0,0.0,0.0,0.0,0.0,0.0,0.0,0.0,0.0,0.0,0.0,0.0,0.0,0.0,0.0,0.0,0.0,0.0,0.0,0.0,0.0,0.0,0.0,0.0,2288340992.0,579207168.0,5876211712.0,91203829760.0,0.0,0.0
1556264242.451,0.062,0.250,99.688,0.0,0.0,0.0,0.0,0.0,0.0,0.0,0.0,0.0,0.0,0.0,0.0,0.0,0.0,0.0,0.0,0.0,0.0,0.0,0.0,0.0,0.0,0.0,0.0,0.0,0.0,0.0,0.0,0.0,0.0,0.0,0.0,0.0,0.0,0.0,2288214016.0,579207168.0,5876211712.0,91203956736.0,0.0,0.0
1556264243.451,0.0,0.125,99.875,0.0,0.0,0.0,0.0,0.0,0.0,0.0,0.0,0.0,0.0,0.0,0.0,0.0,0.0,0.0,0.0,0.0,0.0,0.0,0.0,0.0,0.0,0.0,0.0,0.0,0.0,0.0,0.0,0.0,0.0,0.0,0.0,0.0,0.0,0.0,2288214016.0,579207168.0,5876211712.0,91203956736.0,0.0,0.0
1556264244.451,0.0,0.187,99.750,0.062,0.0,0.0,0.0,0.0,0.0,0.0,0.0,0.0,0.0,0.0,0.0,0.0,0.0,0.0,0.0,0.0,0.0,0.0,0.0,0.0,0.0,0.0,0.0,0.0,0.0,0.0,0.0,0.0,0.0,0.0,0.0,0.0,0.0,0.0,2288214016.0,579207168.0,5876211712.0,91203956736.0,0.0,0.0
1556264245.451,0.0,0.125,99.875,0.0,0.0,0.0,0.0,0.0,0.0,0.0,0.0,0.0,0.0,28672.0,0.0,0.0,0.0,0.0,0.0,0.0,0.0,0.0,0.0,0.0,0.0,0.0,0.0,0.0,0.0,0.0,0.0,0.0,0.0,7.0,0.0,0.0,0.0,0.0,2288214016.0,579207168.0,5876211712.0,91203956736.0,0.0,0.0
1556264246.451,0.062,0.187,99.750,0.0,0.0,0.0,0.0,0.0,0.0,0.0,0.0,0.0,0.0,16384.0,0.0,0.0,0.0,0.0,0.0,0.0,0.0,0.0,0.0,0.0,0.0,0.0,0.0,0.0,0.0,0.0,0.0,0.0,0.0,4.0,0.0,0.0,0.0,0.0,2288214016.0,579207168.0,5876211712.0,91203956736.0,0.0,0.0
1556264247.451,0.063,0.125,99.812,0.0,0.0,0.0,0.0,0.0,0.0,0.0,0.0,0.0,0.0,0.0,0.0,0.0,0.0,0.0,0.0,0.0,0.0,0.0,0.0,0.0,0.0,0.0,0.0,0.0,0.0,0.0,0.0,0.0,0.0,0.0,0.0,0.0,0.0,0.0,2288214016.0,579207168.0,5876211712.0,91203956736.0,0.0,0.0
1556264248.451,0.0,0.250,99.688,0.062,0.0,0.0,0.0,0.0,0.0,0.0,0.0,0.0,0.0,0.0,0.0,0.0,0.0,0.0,0.0,0.0,0.0,0.0,0.0,0.0,0.0,0.0,0.0,0.0,0.0,0.0,0.0,0.0,0.0,0.0,0.0,0.0,0.0,0.0,2288214016.0,579207168.0,5876211712.0,91203956736.0,0.0,0.0
1556264249.451,0.063,0.125,99.812,0.0,0.0,0.0,0.0,0.0,0.0,0.0,0.0,0.0,0.0,0.0,0.0,0.0,0.0,0.0,0.0,0.0,0.0,0.0,0.0,0.0,0.0,0.0,0.0,0.0,0.0,0.0,0.0,0.0,0.0,0.0,0.0,0.0,0.0,0.0,2288087040.0,579207168.0,5876211712.0,91204083712.0,0.0,0.0
1556264250.451,0.0,0.125,99.875,0.0,0.0,0.0,0.0,0.0,0.0,0.0,0.0,0.0,0.0,0.0,0.0,0.0,0.0,0.0,0.0,0.0,0.0,0.0,0.0,0.0,0.0,0.0,0.0,0.0,0.0,0.0,0.0,0.0,0.0,0.0,0.0,0.0,0.0,0.0,2288087040.0,579207168.0,5876211712.0,91204083712.0,0.0,0.0
1556264251.451,0.0,0.125,99.875,0.0,0.0,0.0,0.0,0.0,0.0,0.0,0.0,0.0,0.0,12288.0,0.0,0.0,0.0,0.0,0.0,0.0,0.0,0.0,0.0,0.0,0.0,0.0,0.0,0.0,0.0,0.0,0.0,0.0,0.0,3.0,0.0,0.0,0.0,0.0,2288087040.0,579207168.0,5876211712.0,91204083712.0,0.0,0.0
1556264252.451,0.0,0.188,99.812,0.0,0.0,0.0,0.0,0.0,0.0,0.0,0.0,0.0,0.0,4096.0,0.0,0.0,0.0,0.0,0.0,0.0,0.0,0.0,0.0,0.0,0.0,0.0,0.0,0.0,0.0,0.0,0.0,0.0,0.0,1.0,0.0,0.0,0.0,0.0,2288087040.0,579207168.0,5876211712.0,91204083712.0,0.0,0.0
1556264253.451,0.0,0.188,99.812,0.0,0.0,0.0,0.0,0.0,0.0,0.0,0.0,0.0,0.0,0.0,0.0,0.0,0.0,0.0,0.0,0.0,0.0,0.0,0.0,0.0,0.0,0.0,0.0,0.0,0.0,0.0,0.0,0.0,0.0,0.0,0.0,0.0,0.0,0.0,2288087040.0,579207168.0,5876211712.0,91204083712.0,0.0,0.0
1556264254.451,0.062,0.188,99.750,0.0,0.0,0.0,0.0,0.0,0.0,0.0,0.0,0.0,0.0,0.0,0.0,0.0,0.0,0.0,0.0,0.0,0.0,0.0,0.0,0.0,0.0,0.0,0.0,0.0,0.0,0.0,0.0,0.0,0.0,0.0,0.0,0.0,0.0,0.0,2288087040.0,579207168.0,5876211712.0,91204083712.0,0.0,0.0
1556264255.451,0.0,0.125,99.875,0.0,0.0,0.0,0.0,0.0,0.0,0.0,0.0,0.0,0.0,0.0,0.0,0.0,0.0,0.0,0.0,0.0,0.0,0.0,0.0,0.0,0.0,0.0,0.0,0.0,0.0,0.0,0.0,0.0,0.0,0.0,0.0,0.0,0.0,0.0,2287960064.0,579207168.0,5876211712.0,91204210688.0,0.0,0.0
1556264256.451,0.0,0.312,99.625,0.062,0.0,0.0,0.0,0.0,0.0,0.0,0.0,0.0,0.0,0.0,0.0,0.0,0.0,0.0,0.0,0.0,0.0,0.0,0.0,0.0,0.0,0.0,0.0,0.0,0.0,0.0,0.0,0.0,0.0,0.0,0.0,0.0,0.0,0.0,2287955968.0,579207168.0,5876215808.0,91204210688.0,0.0,0.0
1556264257.451,0.0,0.125,99.875,0.0,0.0,0.0,0.0,0.0,0.0,0.0,0.0,0.0,0.0,12288.0,0.0,0.0,0.0,0.0,0.0,0.0,0.0,0.0,0.0,0.0,0.0,0.0,0.0,0.0,0.0,0.0,0.0,0.0,0.0,3.0,0.0,0.0,0.0,0.0,2287955968.0,579207168.0,5876215808.0,91204210688.0,0.0,0.0
1556264258.451,0.0,0.188,99.812,0.0,0.0,0.0,0.0,0.0,0.0,0.0,0.0,0.0,0.0,8192.0,0.0,0.0,0.0,0.0,0.0,0.0,0.0,0.0,0.0,0.0,0.0,0.0,0.0,0.0,0.0,0.0,0.0,0.0,0.0,2.0,0.0,0.0,0.0,0.0,2287828992.0,579207168.0,5876215808.0,91204337664.0,0.0,0.0
1556264259.451,0.0,0.188,99.812,0.0,0.0,0.0,0.0,0.0,0.0,0.0,0.0,0.0,0.0,0.0,0.0,0.0,0.0,0.0,0.0,0.0,0.0,0.0,0.0,0.0,0.0,0.0,0.0,0.0,0.0,0.0,0.0,0.0,0.0,0.0,0.0,0.0,0.0,0.0,2287828992.0,579207168.0,5876215808.0,91204337664.0,0.0,0.0
1556264260.451,0.062,0.125,99.750,0.062,0.0,0.0,0.0,0.0,0.0,0.0,0.0,0.0,0.0,0.0,0.0,0.0,0.0,0.0,0.0,0.0,0.0,0.0,0.0,0.0,0.0,0.0,0.0,0.0,0.0,0.0,0.0,0.0,0.0,0.0,0.0,0.0,0.0,0.0,2287702016.0,579207168.0,5876215808.0,91204464640.0,0.0,0.0
1556264261.451,0.062,0.188,99.750,0.0,0.0,0.0,0.0,0.0,0.0,0.0,0.0,0.0,0.0,0.0,0.0,0.0,0.0,0.0,0.0,0.0,0.0,0.0,0.0,0.0,0.0,0.0,0.0,0.0,0.0,0.0,0.0,0.0,0.0,0.0,0.0,0.0,0.0,0.0,2287636480.0,579207168.0,5876215808.0,91204530176.0,0.0,0.0
1556264262.451,0.0,0.125,99.875,0.0,0.0,0.0,0.0,0.0,0.0,0.0,0.0,0.0,0.0,0.0,0.0,0.0,0.0,0.0,0.0,0.0,0.0,0.0,0.0,0.0,0.0,0.0,0.0,0.0,0.0,0.0,0.0,0.0,0.0,0.0,0.0,0.0,0.0,0.0,2287382528.0,579207168.0,5876215808.0,91204784128.0,0.0,0.0
1556264263.451,0.0,0.125,99.875,0.0,0.0,0.0,0.0,0.0,0.0,0.0,0.0,0.0,0.0,28672.0,0.0,0.0,0.0,0.0,0.0,0.0,0.0,0.0,0.0,0.0,0.0,0.0,0.0,0.0,0.0,0.0,0.0,0.0,0.0,7.0,0.0,0.0,0.0,0.0,2287382528.0,579207168.0,5876215808.0,91204784128.0,0.0,0.0
1556264264.451,0.063,0.125,99.812,0.0,0.0,0.0,0.0,0.0,0.0,0.0,0.0,0.0,0.0,16384.0,0.0,0.0,0.0,0.0,0.0,0.0,0.0,0.0,0.0,0.0,0.0,0.0,0.0,0.0,0.0,0.0,0.0,0.0,0.0,4.0,0.0,0.0,0.0,0.0,2287382528.0,579207168.0,5876215808.0,91204784128.0,0.0,0.0
1556264265.451,0.062,0.125,99.812,0.0,0.0,0.0,0.0,0.0,0.0,0.0,0.0,0.0,0.0,0.0,0.0,0.0,0.0,0.0,0.0,0.0,0.0,0.0,0.0,0.0,0.0,0.0,0.0,0.0,0.0,0.0,0.0,0.0,0.0,0.0,0.0,0.0,0.0,0.0,2287128576.0,579207168.0,5876215808.0,91205038080.0,0.0,0.0
1556264266.451,0.0,0.125,99.875,0.0,0.0,0.0,0.0,0.0,0.0,0.0,0.0,0.0,0.0,0.0,0.0,0.0,0.0,0.0,0.0,0.0,0.0,0.0,0.0,0.0,0.0,0.0,0.0,0.0,0.0,0.0,0.0,0.0,0.0,0.0,0.0,0.0,0.0,0.0,2287128576.0,579207168.0,5876215808.0,91205038080.0,0.0,0.0
1556264267.451,0.0,0.187,99.750,0.062,0.0,0.0,0.0,0.0,0.0,0.0,0.0,0.0,0.0,0.0,0.0,0.0,0.0,0.0,0.0,0.0,0.0,0.0,0.0,0.0,0.0,0.0,0.0,0.0,0.0,0.0,0.0,0.0,0.0,0.0,0.0,0.0,0.0,0.0,2287095808.0,579207168.0,5876215808.0,91205070848.0,0.0,0.0
1556264268.451,0.0,0.125,99.875,0.0,0.0,0.0,0.0,0.0,0.0,0.0,0.0,0.0,0.0,0.0,0.0,0.0,0.0,0.0,0.0,0.0,0.0,0.0,0.0,0.0,0.0,0.0,0.0,0.0,0.0,0.0,0.0,0.0,0.0,0.0,0.0,0.0,0.0,0.0,2286841856.0,579207168.0,5876215808.0,91205324800.0,0.0,0.0
1556264269.451,0.0,0.250,99.750,0.0,0.0,0.0,0.0,0.0,0.0,0.0,0.0,0.0,0.0,12288.0,0.0,0.0,0.0,0.0,0.0,0.0,0.0,0.0,0.0,0.0,0.0,0.0,0.0,0.0,0.0,0.0,0.0,0.0,0.0,3.0,0.0,0.0,0.0,0.0,2286714880.0,579207168.0,5876215808.0,91205451776.0,0.0,0.0
1556264270.451,0.0,0.125,99.875,0.0,0.0,0.0,0.0,0.0,0.0,0.0,0.0,0.0,0.0,4096.0,0.0,0.0,0.0,0.0,0.0,0.0,0.0,0.0,0.0,0.0,0.0,0.0,0.0,0.0,0.0,0.0,0.0,0.0,0.0,1.0,0.0,0.0,0.0,0.0,2286587904.0,579207168.0,5876215808.0,91205578752.0,0.0,0.0
1556264271.451,0.062,0.187,99.688,0.062,0.0,0.0,0.0,0.0,0.0,0.0,0.0,0.0,0.0,0.0,0.0,0.0,0.0,0.0,0.0,0.0,0.0,0.0,0.0,0.0,0.0,0.0,0.0,0.0,0.0,0.0,0.0,0.0,0.0,0.0,0.0,0.0,0.0,0.0,2286333952.0,579207168.0,5876215808.0,91205832704.0,0.0,0.0
1556264272.451,0.0,0.188,99.812,0.0,0.0,0.0,0.0,0.0,0.0,0.0,0.0,0.0,0.0,0.0,0.0,0.0,0.0,0.0,0.0,0.0,0.0,0.0,0.0,0.0,0.0,0.0,0.0,0.0,0.0,0.0,0.0,0.0,0.0,0.0,0.0,0.0,0.0,0.0,2286333952.0,579207168.0,5876215808.0,91205832704.0,0.0,0.0
1556264273.451,0.0,0.125,99.875,0.0,0.0,0.0,0.0,0.0,0.0,0.0,0.0,0.0,0.0,0.0,0.0,0.0,0.0,0.0,0.0,0.0,0.0,0.0,0.0,0.0,0.0,0.0,0.0,0.0,0.0,0.0,0.0,0.0,0.0,0.0,0.0,0.0,0.0,0.0,2286202880.0,579207168.0,5876219904.0,91205959680.0,0.0,0.0
1556264274.451,0.438,0.125,99.437,0.0,0.0,0.0,0.0,0.0,0.0,0.0,0.0,0.0,0.0,0.0,0.0,0.0,0.0,0.0,0.0,0.0,0.0,0.0,0.0,0.0,0.0,0.0,0.0,0.0,0.0,0.0,0.0,0.0,0.0,0.0,0.0,0.0,0.0,0.0,2286202880.0,579207168.0,5876219904.0,91205959680.0,0.0,0.0
1556264275.451,0.062,0.187,99.750,0.0,0.0,0.0,0.0,0.0,0.0,0.0,0.0,0.0,0.0,12288.0,0.0,0.0,0.0,0.0,0.0,0.0,0.0,0.0,0.0,0.0,0.0,0.0,0.0,0.0,0.0,0.0,0.0,0.0,0.0,3.0,0.0,0.0,0.0,0.0,2285948928.0,579207168.0,5876219904.0,91206213632.0,0.0,0.0
1556264276.451,0.062,0.125,99.812,0.0,0.0,0.0,0.0,0.0,0.0,0.0,0.0,0.0,0.0,8192.0,0.0,0.0,0.0,0.0,0.0,0.0,0.0,0.0,0.0,0.0,0.0,0.0,0.0,0.0,0.0,0.0,0.0,0.0,0.0,2.0,0.0,0.0,0.0,0.0,2285604864.0,579207168.0,5876219904.0,91206557696.0,0.0,0.0
1556264277.451,0.0,0.125,99.812,0.063,0.0,0.0,0.0,0.0,0.0,0.0,0.0,0.0,0.0,0.0,0.0,0.0,0.0,0.0,0.0,0.0,0.0,0.0,0.0,0.0,0.0,0.0,0.0,0.0,0.0,0.0,0.0,0.0,0.0,0.0,0.0,0.0,0.0,0.0,2285604864.0,579207168.0,5876219904.0,91206557696.0,0.0,0.0
1556264278.451,0.0,0.125,99.875,0.0,0.0,0.0,0.0,0.0,0.0,0.0,0.0,0.0,0.0,0.0,0.0,0.0,0.0,0.0,0.0,0.0,0.0,0.0,0.0,0.0,0.0,0.0,0.0,0.0,0.0,0.0,0.0,0.0,0.0,0.0,0.0,0.0,0.0,0.0,2285453312.0,579207168.0,5876219904.0,91206709248.0,0.0,0.0
1556264279.451,0.062,0.250,99.688,0.0,0.0,0.0,0.0,0.0,0.0,0.0,0.0,0.0,0.0,0.0,0.0,0.0,0.0,0.0,0.0,0.0,0.0,0.0,0.0,0.0,0.0,0.0,0.0,0.0,0.0,0.0,0.0,0.0,0.0,0.0,0.0,0.0,0.0,0.0,2285453312.0,579207168.0,5876219904.0,91206709248.0,0.0,0.0
1556264280.451,1.814,0.250,97.936,0.0,0.0,0.0,0.0,0.0,0.0,0.0,0.0,0.0,0.0,0.0,0.0,0.0,0.0,0.0,0.0,0.0,0.0,0.0,0.0,0.0,0.0,0.0,0.0,0.0,0.0,0.0,0.0,0.0,0.0,0.0,0.0,0.0,0.0,0.0,2285453312.0,579207168.0,5876219904.0,91206709248.0,0.0,0.0
1556264281.451,0.0,0.125,99.812,0.063,0.0,0.0,0.0,0.0,0.0,0.0,0.0,0.0,0.0,28672.0,0.0,0.0,0.0,0.0,0.0,0.0,0.0,0.0,0.0,0.0,0.0,0.0,0.0,0.0,0.0,0.0,0.0,0.0,0.0,7.0,0.0,0.0,0.0,0.0,2285453312.0,579207168.0,5876219904.0,91206709248.0,0.0,0.0
1556264282.451,0.188,0.125,99.687,0.0,0.0,0.0,0.0,0.0,0.0,0.0,0.0,0.0,0.0,16384.0,0.0,0.0,0.0,0.0,0.0,0.0,0.0,0.0,0.0,0.0,0.0,0.0,0.0,0.0,0.0,0.0,0.0,0.0,0.0,4.0,0.0,0.0,0.0,0.0,2285236224.0,579207168.0,5876219904.0,91206926336.0,0.0,0.0
1556264283.451,0.062,0.125,99.812,0.0,0.0,0.0,0.0,0.0,0.0,0.0,0.0,0.0,0.0,0.0,0.0,0.0,0.0,0.0,0.0,0.0,0.0,0.0,0.0,0.0,0.0,0.0,0.0,0.0,0.0,0.0,0.0,0.0,0.0,0.0,0.0,0.0,0.0,0.0,2285236224.0,579207168.0,5876219904.0,91206926336.0,0.0,0.0
1556264284.451,0.0,0.125,99.875,0.0,0.0,0.0,0.0,0.0,0.0,0.0,0.0,0.0,0.0,0.0,0.0,0.0,0.0,0.0,0.0,0.0,0.0,0.0,0.0,0.0,0.0,0.0,0.0,0.0,0.0,0.0,0.0,0.0,0.0,0.0,0.0,0.0,0.0,0.0,2285236224.0,579207168.0,5876219904.0,91206926336.0,0.0,0.0
1556264285.451,0.0,0.125,99.875,0.0,0.0,0.0,0.0,0.0,0.0,0.0,0.0,0.0,0.0,0.0,0.0,0.0,0.0,0.0,0.0,0.0,0.0,0.0,0.0,0.0,0.0,0.0,0.0,0.0,0.0,0.0,0.0,0.0,0.0,0.0,0.0,0.0,0.0,0.0,2285236224.0,579207168.0,5876219904.0,91206926336.0,0.0,0.0
1556264286.451,0.0,0.125,99.875,0.0,0.0,0.0,0.0,0.0,0.0,0.0,0.0,0.0,0.0,0.0,0.0,0.0,0.0,0.0,0.0,0.0,0.0,0.0,0.0,0.0,0.0,0.0,0.0,0.0,0.0,0.0,0.0,0.0,0.0,0.0,0.0,0.0,0.0,0.0,2285236224.0,579207168.0,5876219904.0,91206926336.0,0.0,0.0
1556264287.451,0.0,0.187,99.750,0.062,0.0,0.0,0.0,0.0,0.0,0.0,0.0,0.0,0.0,12288.0,0.0,0.0,0.0,0.0,0.0,0.0,0.0,0.0,0.0,0.0,0.0,0.0,0.0,0.0,0.0,0.0,0.0,0.0,0.0,3.0,0.0,0.0,0.0,0.0,2285236224.0,579207168.0,5876219904.0,91206926336.0,0.0,0.0
1556264288.451,0.062,0.188,99.750,0.0,0.0,0.0,0.0,0.0,0.0,0.0,0.0,0.0,0.0,4096.0,0.0,0.0,0.0,0.0,0.0,0.0,0.0,0.0,0.0,0.0,0.0,0.0,0.0,0.0,0.0,0.0,0.0,0.0,0.0,1.0,0.0,0.0,0.0,0.0,2285236224.0,579207168.0,5876219904.0,91206926336.0,0.0,0.0
1556264289.451,0.0,0.250,99.750,0.0,0.0,0.0,0.0,0.0,0.0,0.0,0.0,0.0,0.0,0.0,0.0,0.0,0.0,0.0,0.0,0.0,0.0,0.0,0.0,0.0,0.0,0.0,0.0,0.0,0.0,0.0,0.0,0.0,0.0,0.0,0.0,0.0,0.0,0.0,2285236224.0,579207168.0,5876219904.0,91206926336.0,0.0,0.0
1556264290.451,0.0,0.125,99.875,0.0,0.0,0.0,0.0,0.0,0.0,0.0,0.0,0.0,0.0,0.0,0.0,0.0,0.0,0.0,0.0,0.0,0.0,0.0,0.0,0.0,0.0,0.0,0.0,0.0,0.0,0.0,0.0,0.0,0.0,0.0,0.0,0.0,0.0,0.0,2285236224.0,579207168.0,5876219904.0,91206926336.0,0.0,0.0
1556264291.451,0.0,0.125,99.812,0.063,0.0,0.0,0.0,0.0,0.0,0.0,0.0,0.0,0.0,0.0,0.0,0.0,0.0,0.0,0.0,0.0,0.0,0.0,0.0,0.0,0.0,0.0,0.0,0.0,0.0,0.0,0.0,0.0,0.0,0.0,0.0,0.0,0.0,0.0,2285170688.0,579207168.0,5876224000.0,91206987776.0,0.0,0.0
1556264292.451,0.062,0.187,99.750,0.0,0.0,0.0,0.0,0.0,0.0,0.0,0.0,0.0,0.0,0.0,0.0,0.0,0.0,0.0,0.0,0.0,0.0,0.0,0.0,0.0,0.0,0.0,0.0,0.0,0.0,0.0,0.0,0.0,0.0,0.0,0.0,0.0,0.0,0.0,2285170688.0,579207168.0,5876224000.0,91206987776.0,0.0,0.0
1556264293.451,0.0,0.125,99.875,0.0,0.0,0.0,0.0,0.0,0.0,0.0,0.0,0.0,0.0,12288.0,0.0,0.0,0.0,0.0,0.0,0.0,0.0,0.0,0.0,0.0,0.0,0.0,0.0,0.0,0.0,0.0,0.0,0.0,0.0,3.0,0.0,0.0,0.0,0.0,2285170688.0,579207168.0,5876224000.0,91206987776.0,0.0,0.0
1556264294.451,0.062,0.125,99.813,0.0,0.0,0.0,0.0,0.0,0.0,0.0,0.0,0.0,0.0,8192.0,0.0,0.0,0.0,0.0,0.0,0.0,0.0,0.0,0.0,0.0,0.0,0.0,0.0,0.0,0.0,0.0,0.0,0.0,0.0,2.0,0.0,0.0,0.0,0.0,2285170688.0,579207168.0,5876224000.0,91206987776.0,0.0,0.0
1556264295.451,0.0,0.125,99.875,0.0,0.0,0.0,0.0,0.0,0.0,0.0,0.0,0.0,0.0,0.0,0.0,0.0,0.0,0.0,0.0,0.0,0.0,0.0,0.0,0.0,0.0,0.0,0.0,0.0,0.0,0.0,0.0,0.0,0.0,0.0,0.0,0.0,0.0,0.0,2285170688.0,579207168.0,5876224000.0,91206987776.0,0.0,0.0
1556264296.451,0.0,0.188,99.812,0.0,0.0,0.0,0.0,0.0,0.0,0.0,0.0,0.0,0.0,0.0,0.0,0.0,0.0,0.0,0.0,0.0,0.0,0.0,0.0,0.0,0.0,0.0,0.0,0.0,0.0,0.0,0.0,0.0,0.0,0.0,0.0,0.0,0.0,0.0,2285170688.0,579207168.0,5876224000.0,91206987776.0,0.0,0.0
1556264297.451,0.0,0.125,99.875,0.0,0.0,0.0,0.0,0.0,0.0,0.0,0.0,0.0,0.0,0.0,0.0,0.0,0.0,0.0,0.0,0.0,0.0,0.0,0.0,0.0,0.0,0.0,0.0,0.0,0.0,0.0,0.0,0.0,0.0,0.0,0.0,0.0,0.0,0.0,2285170688.0,579207168.0,5876224000.0,91206987776.0,0.0,0.0
1556264298.451,0.063,0.125,99.812,0.0,0.0,0.0,0.0,0.0,0.0,0.0,0.0,0.0,0.0,0.0,0.0,0.0,0.0,0.0,0.0,0.0,0.0,0.0,0.0,0.0,0.0,0.0,0.0,0.0,0.0,0.0,0.0,0.0,0.0,0.0,0.0,0.0,0.0,0.0,2285170688.0,579207168.0,5876224000.0,91206987776.0,0.0,0.0
1556264299.451,0.062,0.250,99.625,0.062,0.0,0.0,0.0,0.0,0.0,0.0,0.0,0.0,0.0,28672.0,0.0,0.0,0.0,0.0,0.0,0.0,0.0,0.0,0.0,0.0,0.0,0.0,0.0,0.0,0.0,0.0,0.0,0.0,0.0,7.0,0.0,0.0,0.0,0.0,2285170688.0,579207168.0,5876224000.0,91206987776.0,0.0,0.0
1556264300.451,0.062,0.187,99.750,0.0,0.0,0.0,0.0,0.0,0.0,0.0,0.0,0.0,0.0,16384.0,0.0,0.0,0.0,0.0,0.0,0.0,0.0,0.0,0.0,0.0,0.0,0.0,0.0,0.0,0.0,0.0,0.0,0.0,0.0,4.0,0.0,0.0,0.0,0.0,2285170688.0,579207168.0,5876224000.0,91206987776.0,0.0,0.0
1556264301.451,0.0,0.125,99.875,0.0,0.0,0.0,168.0,134.0,168.0,134.0,0.0,0.0,0.0,0.0,0.0,0.0,0.0,0.0,0.0,0.0,0.0,0.0,0.0,0.0,0.0,0.0,0.0,0.0,0.0,0.0,0.0,0.0,0.0,0.0,0.0,0.0,0.0,0.0,2285170688.0,579207168.0,5876224000.0,91206987776.0,0.0,0.0
1556264302.451,0.625,0.375,98.999,0.0,0.0,0.0,102.0,102.0,102.0,102.0,0.0,0.0,0.0,0.0,0.0,0.0,0.0,0.0,0.0,0.0,0.0,0.0,0.0,0.0,0.0,0.0,0.0,0.0,0.0,0.0,0.0,0.0,0.0,0.0,0.0,0.0,0.0,0.0,2301091840.0,579207168.0,5876224000.0,91191066624.0,0.0,0.0
1556264303.451,7.514,2.066,90.169,0.063,0.0,0.188,1265.0,1133.0,1265.0,1133.0,0.0,1024000.0,0.0,4096.0,0.0,0.0,0.0,0.0,0.0,8.0,0.0,0.0,0.0,0.0,0.0,0.0,0.0,0.0,0.0,0.0,0.0,63.0,0.0,1.0,0.0,0.0,0.0,0.0,2383974400.0,579207168.0,5903757312.0,91080650752.0,0.0,0.0
1556264304.451,12.310,9.010,78.046,0.381,0.0,0.254,396.0,620.0,396.0,3373.0,65536.0,8204288.0,0.0,0.0,0.0,233472.0,0.0,0.0,0.0,68.0,0.0,0.0,0.0,0.0,0.0,0.0,0.0,0.0,0.0,0.0,1.0,831.0,0.0,0.0,0.0,57.0,0.0,0.0,2566176768.0,579207168.0,5903921152.0,90898284544.0,0.0,0.0
1556264305.451,5.556,5.429,88.763,0.126,0.0,0.126,1368.0,914.0,1368.0,12724.0,0.0,1601536.0,0.0,1294336.0,0.0,1306624.0,0.0,0.0,0.0,16.0,0.0,0.0,0.0,0.0,0.0,0.0,0.0,0.0,0.0,0.0,0.0,140.0,0.0,316.0,0.0,319.0,0.0,0.0,2636746752.0,579207168.0,5904642048.0,90826993664.0,0.0,0.0
1556264306.451,2.962,1.512,95.526,0.0,0.0,0.0,1059.0,660.0,1059.0,14541.0,0.0,360448.0,0.0,1441792.0,0.0,1351680.0,0.0,0.0,0.0,0.0,0.0,0.0,0.0,0.0,0.0,0.0,0.0,0.0,0.0,0.0,0.0,22.0,0.0,352.0,0.0,330.0,0.0,0.0,2610606080.0,579207168.0,5877354496.0,90880421888.0,0.0,0.0
1556264307.451,0.063,0.438,99.499,0.0,0.0,0.0,309.0,152.0,309.0,8163.0,0.0,0.0,0.0,0.0,0.0,0.0,0.0,0.0,0.0,0.0,0.0,0.0,0.0,0.0,0.0,0.0,0.0,0.0,0.0,0.0,0.0,0.0,0.0,0.0,0.0,0.0,0.0,0.0,2610638848.0,579207168.0,5877583872.0,90880159744.0,0.0,0.0
1556264308.451,0.188,0.438,99.312,0.063,0.0,0.0,309.0,152.0,309.0,2782.0,0.0,0.0,0.0,0.0,0.0,0.0,0.0,0.0,0.0,0.0,0.0,0.0,0.0,0.0,0.0,0.0,0.0,0.0,0.0,0.0,0.0,0.0,0.0,0.0,0.0,0.0,0.0,0.0,2610388992.0,579207168.0,5877587968.0,90880405504.0,0.0,0.0
1556264309.450,5.144,0.816,93.977,0.0,0.0,0.063,0.0,102.0,0.0,5073.0,0.0,0.0,0.0,0.0,0.0,286720.0,0.0,0.0,0.0,0.0,0.0,0.0,0.0,0.0,0.0,0.0,0.0,0.0,0.0,0.0,0.0,0.0,0.0,0.0,0.0,70.0,0.0,0.0,2653392896.0,579207168.0,5877587968.0,90837401600.0,0.0,0.0
1556264310.451,5.101,3.275,91.436,0.0,0.0,0.189,330.0,620.0,22571.0,14343.0,0.0,483328.0,0.0,4096.0,0.0,0.0,0.0,0.0,0.0,4.0,0.0,0.0,0.0,0.0,0.0,0.0,0.0,0.0,0.0,0.0,0.0,83.0,0.0,1.0,0.0,0.0,0.0,0.0,2557132800.0,579207168.0,5904982016.0,90906267648.0,0.0,0.0
1556264311.451,3.899,3.962,91.824,0.063,0.0,0.252,2052.0,1320.0,1.84467440737e+19,1.84467440737e+19,0.0,1343488.0,0.0,163840.0,0.0,69632.0,0.0,0.0,0.0,8.0,0.0,0.0,0.0,0.0,0.0,0.0,0.0,0.0,0.0,0.0,0.0,203.0,0.0,40.0,0.0,17.0,0.0,0.0,2477531136.0,579207168.0,5904809984.0,90986041344.0,0.0,0.0
1556264312.451,0.189,0.377,99.434,0.0,0.0,0.0,375.0,254.0,375.0,682.0,0.0,212992.0,0.0,77824.0,0.0,0.0,0.0,0.0,0.0,0.0,0.0,0.0,0.0,0.0,0.0,0.0,0.0,0.0,0.0,0.0,0.0,20.0,0.0,19.0,0.0,0.0,0.0,0.0,2469969920.0,579207168.0,5904695296.0,90993717248.0,0.0,0.0
1556264313.451,0.063,0.188,99.750,0.0,0.0,0.0,0.0,0.0,0.0,457.0,0.0,29233152.0,0.0,0.0,0.0,0.0,0.0,0.0,0.0,3680.0,0.0,0.0,0.0,0.0,0.0,0.0,0.0,0.0,0.0,0.0,0.0,205.0,0.0,0.0,0.0,0.0,0.0,0.0,2469167104.0,579207168.0,5904695296.0,90994520064.0,0.0,0.0
1556264314.451,0.125,0.250,99.625,0.0,0.0,0.0,0.0,0.0,0.0,0.0,0.0,0.0,0.0,0.0,0.0,0.0,0.0,0.0,0.0,0.0,0.0,0.0,0.0,0.0,0.0,0.0,0.0,0.0,0.0,0.0,0.0,0.0,0.0,0.0,0.0,0.0,0.0,0.0,2468225024.0,579207168.0,5904695296.0,90995462144.0,0.0,0.0
1556264315.451,0.0,0.125,99.875,0.0,0.0,0.0,0.0,0.0,0.0,0.0,0.0,0.0,0.0,0.0,0.0,0.0,0.0,0.0,0.0,0.0,0.0,0.0,0.0,0.0,0.0,0.0,0.0,0.0,0.0,0.0,0.0,0.0,0.0,0.0,0.0,0.0,0.0,0.0,2466603008.0,579207168.0,5904691200.0,90997088256.0,0.0,0.0
1556264316.451,0.062,0.250,99.688,0.0,0.0,0.0,0.0,0.0,0.0,0.0,0.0,0.0,0.0,0.0,0.0,61440.0,0.0,0.0,0.0,0.0,0.0,0.0,0.0,0.0,0.0,0.0,0.0,0.0,0.0,0.0,0.0,0.0,0.0,0.0,0.0,15.0,0.0,0.0,2465841152.0,579207168.0,5904691200.0,90997850112.0,0.0,0.0
1556264317.451,0.0,0.188,99.750,0.062,0.0,0.0,0.0,0.0,0.0,0.0,0.0,217088.0,0.0,65536.0,0.0,0.0,0.0,0.0,0.0,0.0,0.0,0.0,0.0,0.0,0.0,0.0,0.0,0.0,0.0,0.0,0.0,3.0,0.0,16.0,0.0,0.0,0.0,0.0,2465841152.0,579207168.0,5904691200.0,90997850112.0,0.0,0.0
1556264318.451,0.062,0.187,99.750,0.0,0.0,0.0,0.0,0.0,0.0,261.0,0.0,0.0,0.0,12288.0,0.0,0.0,0.0,0.0,0.0,0.0,0.0,0.0,0.0,0.0,0.0,0.0,0.0,0.0,0.0,0.0,0.0,0.0,0.0,3.0,0.0,0.0,0.0,0.0,2465447936.0,579207168.0,5904691200.0,90998243328.0,0.0,0.0
1556264319.451,0.688,0.250,99.061,0.0,0.0,0.0,0.0,0.0,0.0,0.0,0.0,0.0,0.0,0.0,0.0,0.0,0.0,0.0,0.0,0.0,0.0,0.0,0.0,0.0,0.0,0.0,0.0,0.0,0.0,0.0,0.0,0.0,0.0,0.0,0.0,0.0,0.0,0.0,2442985472.0,579207168.0,5904691200.0,91020705792.0,0.0,0.0
1556264320.451,1.252,2.003,96.621,0.063,0.0,0.063,0.0,0.0,0.0,1.84467440737e+19,0.0,86016.0,0.0,0.0,0.0,0.0,0.0,0.0,0.0,0.0,0.0,0.0,0.0,0.0,0.0,0.0,0.0,0.0,0.0,0.0,0.0,29.0,0.0,0.0,0.0,0.0,0.0,0.0,2390376448.0,579207168.0,5904695296.0,91073310720.0,0.0,0.0
1556264321.451,4.831,2.886,92.033,0.125,0.0,0.125,2279.0,2565.0,1.84467440737e+19,1.84467440737e+19,167936.0,2572288.0,0.0,0.0,0.0,0.0,0.0,0.0,0.0,24.0,0.0,0.0,0.0,0.0,0.0,0.0,0.0,0.0,0.0,0.0,2.0,178.0,0.0,0.0,0.0,0.0,0.0,0.0,2300780544.0,579207168.0,5877166080.0,91190435840.0,0.0,0.0
1556264322.451,0.0,0.188,99.750,0.063,0.0,0.0,309.0,152.0,309.0,152.0,0.0,0.0,0.0,0.0,0.0,0.0,0.0,0.0,0.0,0.0,0.0,0.0,0.0,0.0,0.0,0.0,0.0,0.0,0.0,0.0,0.0,0.0,0.0,0.0,0.0,0.0,0.0,0.0,2299158528.0,579207168.0,5876588544.0,91192635392.0,0.0,0.0
1556264323.451,0.125,0.187,99.688,0.0,0.0,0.0,0.0,0.0,0.0,0.0,0.0,0.0,0.0,8192.0,0.0,0.0,0.0,0.0,0.0,0.0,0.0,0.0,0.0,0.0,0.0,0.0,0.0,0.0,0.0,0.0,0.0,0.0,0.0,2.0,0.0,0.0,0.0,0.0,2299125760.0,579207168.0,5876588544.0,91192668160.0,0.0,0.0
1556264324.451,0.063,0.125,99.812,0.0,0.0,0.0,408.0,408.0,408.0,408.0,0.0,0.0,0.0,16384.0,0.0,0.0,0.0,0.0,0.0,0.0,0.0,0.0,0.0,0.0,0.0,0.0,0.0,0.0,0.0,0.0,0.0,0.0,0.0,4.0,0.0,0.0,0.0,0.0,2299039744.0,579207168.0,5876592640.0,91192750080.0,0.0,0.0
1556264325.451,0.0,0.250,99.750,0.0,0.0,0.0,66.0,0.0,66.0,0.0,0.0,0.0,0.0,0.0,0.0,0.0,0.0,0.0,0.0,0.0,0.0,0.0,0.0,0.0,0.0,0.0,0.0,0.0,0.0,0.0,0.0,0.0,0.0,0.0,0.0,0.0,0.0,0.0,2298245120.0,579207168.0,5876592640.0,91193544704.0,0.0,0.0
1556264326.451,0.062,0.125,99.750,0.062,0.0,0.0,1254.0,1188.0,1254.0,1188.0,0.0,0.0,0.0,0.0,0.0,0.0,0.0,0.0,0.0,0.0,0.0,0.0,0.0,0.0,0.0,0.0,0.0,0.0,0.0,0.0,0.0,0.0,0.0,0.0,0.0,0.0,0.0,0.0,2298114048.0,579207168.0,5876596736.0,91193671680.0,0.0,0.0
1556264327.451,0.0,0.188,99.812,0.0,0.0,0.0,978.0,714.0,978.0,714.0,0.0,135168.0,0.0,0.0,0.0,0.0,0.0,0.0,0.0,0.0,0.0,0.0,0.0,0.0,0.0,0.0,0.0,0.0,0.0,0.0,0.0,3.0,0.0,0.0,0.0,0.0,0.0,0.0,2297987072.0,579207168.0,5876596736.0,91193798656.0,0.0,0.0
1556264328.451,0.062,0.125,99.812,0.0,0.0,0.0,0.0,0.0,0.0,0.0,0.0,0.0,0.0,0.0,0.0,0.0,0.0,0.0,0.0,0.0,0.0,0.0,0.0,0.0,0.0,0.0,0.0,0.0,0.0,0.0,0.0,0.0,0.0,0.0,0.0,0.0,0.0,0.0,2297319424.0,579207168.0,5876596736.0,91194466304.0,0.0,0.0
1556264329.451,0.062,0.250,99.688,0.0,0.0,0.0,0.0,0.0,0.0,0.0,0.0,0.0,0.0,12288.0,0.0,0.0,0.0,0.0,0.0,0.0,0.0,0.0,0.0,0.0,0.0,0.0,0.0,0.0,0.0,0.0,0.0,0.0,0.0,3.0,0.0,0.0,0.0,0.0,2297192448.0,579207168.0,5876596736.0,91194593280.0,0.0,0.0
1556264330.451,0.0,0.188,99.812,0.0,0.0,0.0,0.0,0.0,0.0,0.0,0.0,0.0,0.0,28672.0,0.0,0.0,0.0,0.0,0.0,0.0,0.0,0.0,0.0,0.0,0.0,0.0,0.0,0.0,0.0,0.0,0.0,0.0,0.0,7.0,0.0,0.0,0.0,0.0,2297192448.0,579207168.0,5876596736.0,91194593280.0,0.0,0.0
1556264331.451,0.125,0.125,99.750,0.0,0.0,0.0,0.0,0.0,0.0,0.0,0.0,0.0,0.0,0.0,0.0,0.0,0.0,0.0,0.0,0.0,0.0,0.0,0.0,0.0,0.0,0.0,0.0,0.0,0.0,0.0,0.0,0.0,0.0,0.0,0.0,0.0,0.0,0.0,2295762944.0,579207168.0,5876596736.0,91196022784.0,0.0,0.0
1556264332.451,0.0,0.188,99.750,0.062,0.0,0.0,0.0,0.0,0.0,0.0,0.0,507904.0,0.0,0.0,0.0,0.0,0.0,0.0,0.0,0.0,0.0,0.0,0.0,0.0,0.0,0.0,0.0,0.0,0.0,0.0,0.0,68.0,0.0,0.0,0.0,0.0,0.0,0.0,2294775808.0,579207168.0,5876592640.0,91197014016.0,0.0,0.0
1556264333.451,0.062,0.250,99.688,0.0,0.0,0.0,0.0,0.0,0.0,0.0,0.0,0.0,0.0,0.0,0.0,0.0,0.0,0.0,0.0,0.0,0.0,0.0,0.0,0.0,0.0,0.0,0.0,0.0,0.0,0.0,0.0,0.0,0.0,0.0,0.0,0.0,0.0,0.0,2293760000.0,579207168.0,5876592640.0,91198029824.0,0.0,0.0
1556264334.451,0.062,0.125,99.812,0.0,0.0,0.0,0.0,0.0,0.0,0.0,0.0,0.0,0.0,0.0,0.0,0.0,0.0,0.0,0.0,0.0,0.0,0.0,0.0,0.0,0.0,0.0,0.0,0.0,0.0,0.0,0.0,0.0,0.0,0.0,0.0,0.0,0.0,0.0,2293252096.0,579207168.0,5876592640.0,91198537728.0,0.0,0.0
1556264335.451,0.0,0.188,99.812,0.0,0.0,0.0,0.0,0.0,0.0,0.0,0.0,0.0,0.0,16384.0,0.0,0.0,0.0,0.0,0.0,0.0,0.0,0.0,0.0,0.0,0.0,0.0,0.0,0.0,0.0,0.0,0.0,0.0,0.0,4.0,0.0,0.0,0.0,0.0,2292871168.0,579207168.0,5876592640.0,91198918656.0,0.0,0.0
1556264336.451,0.0,0.187,99.750,0.062,0.0,0.0,498.0,2130.0,498.0,2130.0,0.0,0.0,0.0,12288.0,0.0,0.0,0.0,0.0,0.0,0.0,0.0,0.0,0.0,0.0,0.0,0.0,0.0,0.0,0.0,0.0,0.0,0.0,0.0,3.0,0.0,0.0,0.0,0.0,2292490240.0,579207168.0,5876592640.0,91199299584.0,0.0,0.0
