/*** CONFIGURATION INFORMATION ***/
"Linux dstat"
"netSpeed = 1000"
"netBandwidth = 1250000"
"netFullDuplex = full"
"netSpeed.eno1 = 1000"
"netBandwidth.eno1 = 1250000"
"netFullDuplex.eno1 = full"
"os_name = Ubuntu 16.04.5 LTS"
"cpu_model = Intel(R) Xeon(R) Gold 5222 CPU @ 3.80GHz"
"cpu_cores = 16"
"cpu_sockets = 2"
"cpu_cores_per_socket = 4"
"cpu_threads_per_core = 2"
"memory_size = 97605068"
"swap_size = 1003516"
"timezoneOffset = -07:00"
"timezoneAbbrev = PDT"
"list_of_ssd = sda(INTEL SSDSCKJB48), nvme0n1(INTEL SSDPE2KX040T8                     ), nvme1n1(INTEL SSDPE2KX040T8                     )"
"list_of_hdd = none"
"pagesize = 4096"
"list_of_md = "
"dataVersion = 6"
"comment = "

/*** START OF PROFILING OUTPUT ***/
"Dstat 0.7.2 CSV output"
"Author:","Dag Wieers <dag@wieers.com>",,,,"URL:","http://dag.wieers.com/home-made/dstat/"
"Host:","server02",,,,"User:","builder"
"Cmdline:","dstat --nocolor --noheaders --epoch --cpu --net -N eno1,total -dD sda,nvme0n1,nvme1n1,loop0 --disk-time --disk-queue --io --mem --page --output .tmp_start_collection",,,,"Date:","26 Apr 2019 04:13:41 PDT"

"epoch","total cpu usage",,,,,,"net/eno1",,"net/total",,"dsk/sda",,"dsk/nvme0n1",,"dsk/nvme1n1",,"dsk/loop0",,"tim/sda",,"tim/nvme0n1",,"tim/nvme1n1",,"tim/loop0",,"qu/sda","qu/nvme0n1","qu/nvme1n1","qu/loop0","io/sda",,"io/nvme0n1",,"io/nvme1n1",,"io/loop0",,"memory usage",,,,"paging",
"epoch","usr","sys","idl","wai","hiq","siq","recv","send","recv","send","read","writ","read","writ","read","writ","read","writ","reads","writs","reads","writs","reads","writs","reads","writs","queue","queue","queue","queue","read","writ","read","writ","read","writ","read","writ","used","buff","cach","free","in","out"
1556277221.390,12.078,1.507,86.095,0.124,0.0,0.196,0.0,0.0,0.0,0.0,23222.178,1598043.308,756.742,6427579.423,288.860,7248461.935,0.134,0.0,30820.0,4540744.0,432.0,1351188.0,136.0,1481828.0,0.0,0.0,0.0,0.0,0.0,0.0,1.067,113.687,0.098,602.221,0.025,712.132,0.000,0.0,3916353536.0,669208576.0,54792032256.0,40569995264.0,0.0,0.0
1556277222.391,0.062,0.187,99.688,0.062,0.0,0.0,66.0,0.0,66.0,0.0,0.0,0.0,0.0,0.0,0.0,0.0,0.0,0.0,0.0,0.0,0.0,0.0,0.0,0.0,0.0,0.0,0.0,0.0,0.0,0.0,0.0,0.0,0.0,0.0,0.0,0.0,0.0,0.0,3913797632.0,669208576.0,54792040448.0,40572542976.0,0.0,0.0
1556277223.391,0.0,0.125,99.875,0.0,0.0,0.0,0.0,0.0,0.0,0.0,0.0,0.0,0.0,0.0,0.0,0.0,0.0,0.0,0.0,0.0,0.0,0.0,0.0,0.0,0.0,0.0,0.0,0.0,0.0,0.0,0.0,0.0,0.0,0.0,0.0,0.0,0.0,0.0,3913797632.0,669208576.0,54792040448.0,40572542976.0,0.0,0.0
1556277224.391,0.0,0.125,99.875,0.0,0.0,0.0,270.0,204.0,270.0,204.0,0.0,0.0,0.0,0.0,0.0,0.0,0.0,0.0,0.0,0.0,0.0,0.0,0.0,0.0,0.0,0.0,0.0,0.0,0.0,0.0,0.0,0.0,0.0,0.0,0.0,0.0,0.0,0.0,3913797632.0,669208576.0,54792040448.0,40572542976.0,0.0,0.0
1556277225.391,0.0,0.188,99.812,0.0,0.0,0.0,336.0,270.0,336.0,270.0,0.0,0.0,0.0,0.0,0.0,0.0,0.0,0.0,0.0,0.0,0.0,0.0,0.0,0.0,0.0,0.0,0.0,0.0,0.0,0.0,0.0,0.0,0.0,0.0,0.0,0.0,0.0,0.0,3913375744.0,669208576.0,54792040448.0,40572964864.0,0.0,0.0
1556277226.391,0.062,0.125,99.812,0.0,0.0,0.0,336.0,204.0,336.0,204.0,0.0,0.0,0.0,0.0,0.0,0.0,0.0,0.0,0.0,0.0,0.0,0.0,0.0,0.0,0.0,0.0,0.0,0.0,0.0,0.0,0.0,0.0,0.0,0.0,0.0,0.0,0.0,0.0,3913248768.0,669208576.0,54792040448.0,40573091840.0,0.0,0.0
1556277227.391,0.0,0.250,99.750,0.0,0.0,0.0,168.0,102.0,168.0,102.0,0.0,24576.0,0.0,32768.0,0.0,0.0,0.0,0.0,0.0,0.0,0.0,0.0,0.0,0.0,0.0,0.0,0.0,0.0,0.0,0.0,0.0,3.0,0.0,8.0,0.0,0.0,0.0,0.0,3913248768.0,669208576.0,54792040448.0,40573091840.0,0.0,0.0
1556277228.391,0.062,0.125,99.750,0.062,0.0,0.0,270.0,204.0,270.0,204.0,0.0,0.0,0.0,0.0,0.0,0.0,0.0,0.0,0.0,0.0,0.0,0.0,0.0,0.0,0.0,0.0,0.0,0.0,0.0,0.0,0.0,0.0,0.0,0.0,0.0,0.0,0.0,0.0,3912962048.0,669208576.0,54792040448.0,40573378560.0,0.0,0.0
1556277229.391,0.0,0.250,99.750,0.0,0.0,0.0,66.0,0.0,66.0,0.0,0.0,0.0,0.0,0.0,0.0,0.0,0.0,0.0,0.0,0.0,0.0,0.0,0.0,0.0,0.0,0.0,0.0,0.0,0.0,0.0,0.0,0.0,0.0,0.0,0.0,0.0,0.0,0.0,3912802304.0,669208576.0,54792040448.0,40573538304.0,0.0,0.0
1556277230.391,0.0,0.125,99.875,0.0,0.0,0.0,0.0,0.0,0.0,0.0,0.0,0.0,0.0,0.0,0.0,0.0,0.0,0.0,0.0,0.0,0.0,0.0,0.0,0.0,0.0,0.0,0.0,0.0,0.0,0.0,0.0,0.0,0.0,0.0,0.0,0.0,0.0,0.0,3912548352.0,669208576.0,54792040448.0,40573792256.0,0.0,0.0
1556277231.391,0.0,0.188,99.812,0.0,0.0,0.0,0.0,0.0,0.0,0.0,0.0,0.0,0.0,0.0,0.0,0.0,0.0,0.0,0.0,0.0,0.0,0.0,0.0,0.0,0.0,0.0,0.0,0.0,0.0,0.0,0.0,0.0,0.0,0.0,0.0,0.0,0.0,0.0,3912294400.0,669208576.0,54792040448.0,40574046208.0,0.0,0.0
1556277232.391,0.0,0.188,99.812,0.0,0.0,0.0,270.0,212.0,270.0,212.0,0.0,0.0,0.0,0.0,0.0,0.0,0.0,0.0,0.0,0.0,0.0,0.0,0.0,0.0,0.0,0.0,0.0,0.0,0.0,0.0,0.0,0.0,0.0,0.0,0.0,0.0,0.0,0.0,3912294400.0,669208576.0,54792040448.0,40574046208.0,0.0,0.0
1556277233.391,0.0,0.125,99.812,0.062,0.0,0.0,336.0,220.0,336.0,220.0,0.0,0.0,0.0,12288.0,0.0,0.0,0.0,0.0,0.0,0.0,0.0,0.0,0.0,0.0,0.0,0.0,0.0,0.0,0.0,0.0,0.0,0.0,0.0,3.0,0.0,0.0,0.0,0.0,3912294400.0,669208576.0,54792040448.0,40574046208.0,0.0,0.0
1556277234.391,0.0,0.125,99.875,0.0,0.0,0.0,336.0,220.0,336.0,220.0,0.0,0.0,0.0,0.0,0.0,0.0,0.0,0.0,0.0,0.0,0.0,0.0,0.0,0.0,0.0,0.0,0.0,0.0,0.0,0.0,0.0,0.0,0.0,0.0,0.0,0.0,0.0,0.0,3912036352.0,669208576.0,54792044544.0,40574300160.0,0.0,0.0
1556277235.391,0.062,0.187,99.750,0.0,0.0,0.0,168.0,110.0,168.0,110.0,0.0,0.0,0.0,0.0,0.0,0.0,0.0,0.0,0.0,0.0,0.0,0.0,0.0,0.0,0.0,0.0,0.0,0.0,0.0,0.0,0.0,0.0,0.0,0.0,0.0,0.0,0.0,0.0,3912003584.0,669208576.0,54792044544.0,40574332928.0,0.0,0.0
1556277236.391,0.0,0.125,99.875,0.0,0.0,0.0,0.0,0.0,0.0,0.0,0.0,0.0,0.0,0.0,0.0,0.0,0.0,0.0,0.0,0.0,0.0,0.0,0.0,0.0,0.0,0.0,0.0,0.0,0.0,0.0,0.0,0.0,0.0,0.0,0.0,0.0,0.0,0.0,3911942144.0,669208576.0,54792044544.0,40574394368.0,0.0,0.0
1556277237.391,0.063,0.125,99.812,0.0,0.0,0.0,168.0,102.0,168.0,102.0,0.0,0.0,0.0,0.0,0.0,0.0,0.0,0.0,0.0,0.0,0.0,0.0,0.0,0.0,0.0,0.0,0.0,0.0,0.0,0.0,0.0,0.0,0.0,0.0,0.0,0.0,0.0,0.0,3911688192.0,669208576.0,54792044544.0,40574648320.0,0.0,0.0
1556277238.391,0.0,0.125,99.875,0.0,0.0,0.0,0.0,0.0,0.0,0.0,0.0,0.0,0.0,0.0,0.0,0.0,0.0,0.0,0.0,0.0,0.0,0.0,0.0,0.0,0.0,0.0,0.0,0.0,0.0,0.0,0.0,0.0,0.0,0.0,0.0,0.0,0.0,0.0,3911688192.0,669208576.0,54792044544.0,40574648320.0,0.0,0.0
1556277239.391,0.062,0.187,99.688,0.062,0.0,0.0,168.0,102.0,168.0,102.0,0.0,0.0,0.0,12288.0,0.0,0.0,0.0,0.0,0.0,0.0,0.0,0.0,0.0,0.0,0.0,0.0,0.0,0.0,0.0,0.0,0.0,0.0,0.0,3.0,0.0,0.0,0.0,0.0,3911688192.0,669208576.0,54792044544.0,40574648320.0,0.0,0.0
1556277240.391,5.882,0.939,93.179,0.0,0.0,0.0,234.0,456.0,234.0,456.0,32768.0,0.0,0.0,4096.0,0.0,0.0,0.0,0.0,0.0,0.0,0.0,0.0,0.0,0.0,0.0,0.0,0.0,0.0,0.0,0.0,2.0,0.0,0.0,1.0,0.0,0.0,0.0,0.0,3984470016.0,669208576.0,54819262464.0,40474648576.0,0.0,0.0
1556277241.391,8.234,6.600,84.727,0.126,0.0,0.314,1067.0,521.0,1067.0,925.0,0.0,30855168.0,0.0,0.0,0.0,0.0,0.0,0.0,0.0,3156.0,0.0,0.0,0.0,0.0,0.0,0.0,0.0,0.0,0.0,0.0,0.0,412.0,0.0,0.0,0.0,0.0,0.0,0.0,4076507136.0,669208576.0,54819463168.0,40382410752.0,0.0,0.0
1556277242.391,14.771,7.291,77.373,0.251,0.0,0.314,0.0,0.0,0.0,3224.0,0.0,6709248.0,0.0,11456512.0,0.0,835584.0,0.0,0.0,0.0,56.0,0.0,0.0,0.0,0.0,0.0,0.0,0.0,0.0,0.0,0.0,0.0,605.0,0.0,613.0,0.0,67.0,0.0,0.0,4194004992.0,669208576.0,54806282240.0,40278093824.0,0.0,0.0
1556277243.391,15.842,2.818,80.714,0.188,0.0,0.438,1545.0,760.0,1545.0,19805.0,0.0,1073152.0,0.0,71028736.0,0.0,2428928.0,0.0,0.0,0.0,8.0,0.0,204.0,0.0,24.0,0.0,0.0,0.0,0.0,0.0,0.0,0.0,117.0,0.0,1211.0,0.0,155.0,0.0,0.0,4229275648.0,669208576.0,54860656640.0,40188448768.0,0.0,0.0
1556277244.391,24.671,2.880,71.822,0.188,0.0,0.438,309.0,152.0,309.0,6154.0,0.0,241664.0,0.0,75870208.0,0.0,58105856.0,0.0,0.0,0.0,0.0,0.0,312.0,0.0,336.0,0.0,0.0,0.0,0.0,0.0,0.0,0.0,16.0,0.0,958.0,0.0,1392.0,0.0,0.0,4249260032.0,669208576.0,54855565312.0,40173555712.0,0.0,0.0
1556277245.391,12.180,1.312,86.321,0.187,0.0,0.0,477.0,356.0,477.0,6703.0,0.0,0.0,0.0,3383296.0,0.0,78053376.0,0.0,0.0,0.0,0.0,0.0,12.0,0.0,396.0,0.0,0.0,0.0,0.0,0.0,0.0,0.0,0.0,0.0,53.0,0.0,982.0,0.0,0.0,4259315712.0,669208576.0,54772031488.0,40247033856.0,0.0,0.0
1556277246.391,3.634,0.689,95.677,0.0,0.0,0.0,309.0,152.0,309.0,3443.0,0.0,0.0,0.0,0.0,0.0,23203840.0,0.0,0.0,0.0,0.0,0.0,0.0,0.0,64.0,0.0,0.0,0.0,0.0,0.0,0.0,0.0,0.0,0.0,0.0,0.0,319.0,0.0,0.0,4259844096.0,669208576.0,54714408960.0,40304128000.0,0.0,0.0
1556277247.391,5.395,0.816,93.789,0.0,0.0,0.0,309.0,152.0,309.0,5193.0,0.0,0.0,0.0,0.0,0.0,0.0,0.0,0.0,0.0,0.0,0.0,0.0,0.0,0.0,0.0,0.0,0.0,0.0,0.0,0.0,0.0,0.0,0.0,0.0,0.0,0.0,0.0,0.0,4304658432.0,669208576.0,54713720832.0,40260001792.0,0.0,0.0
1556277248.391,4.654,3.648,91.572,0.0,0.0,0.126,618.0,304.0,22562.0,8858.0,0.0,552960.0,0.0,4096.0,0.0,0.0,0.0,0.0,0.0,8.0,0.0,0.0,0.0,0.0,0.0,0.0,0.0,0.0,0.0,0.0,0.0,99.0,0.0,1.0,0.0,0.0,0.0,0.0,4178616320.0,669208576.0,54741090304.0,40358674432.0,0.0,0.0
1556277249.391,3.549,3.549,92.649,0.127,0.0,0.127,927.0,456.0,1.84467440737e+19,1.84467440737e+19,0.0,1519616.0,0.0,0.0,0.0,0.0,0.0,0.0,0.0,16.0,0.0,0.0,0.0,0.0,0.0,0.0,0.0,0.0,0.0,0.0,0.0,223.0,0.0,0.0,0.0,0.0,0.0,0.0,4095836160.0,669208576.0,54740893696.0,40441651200.0,0.0,0.0
1556277250.391,0.0,0.438,99.562,0.0,0.0,0.0,849.0,560.0,849.0,988.0,0.0,0.0,0.0,180224.0,0.0,0.0,0.0,0.0,0.0,0.0,0.0,0.0,0.0,0.0,0.0,0.0,0.0,0.0,0.0,0.0,0.0,0.0,0.0,44.0,0.0,0.0,0.0,0.0,4087894016.0,669208576.0,54740840448.0,40449646592.0,0.0,0.0
1556277251.391,0.375,0.313,99.249,0.0,0.0,0.063,870.0,1606.0,870.0,2063.0,0.0,0.0,0.0,4096.0,0.0,0.0,0.0,0.0,0.0,0.0,0.0,0.0,0.0,0.0,0.0,0.0,0.0,0.0,0.0,0.0,0.0,0.0,0.0,1.0,0.0,0.0,0.0,0.0,4084539392.0,669208576.0,54740840448.0,40453001216.0,0.0,0.0
1556277252.391,0.125,0.187,99.688,0.0,0.0,0.0,66.0,0.0,66.0,0.0,0.0,0.0,0.0,0.0,0.0,135168.0,0.0,0.0,0.0,0.0,0.0,0.0,0.0,0.0,0.0,0.0,0.0,0.0,0.0,0.0,0.0,0.0,0.0,0.0,0.0,33.0,0.0,0.0,4083425280.0,669208576.0,54740807680.0,40454148096.0,0.0,0.0
1556277253.391,0.0,0.125,99.875,0.0,0.0,0.0,0.0,0.0,0.0,0.0,0.0,0.0,0.0,0.0,0.0,0.0,0.0,0.0,0.0,0.0,0.0,0.0,0.0,0.0,0.0,0.0,0.0,0.0,0.0,0.0,0.0,0.0,0.0,0.0,0.0,0.0,0.0,0.0,4082282496.0,669208576.0,54740807680.0,40455290880.0,0.0,0.0
1556277254.391,0.062,0.125,99.812,0.0,0.0,0.0,0.0,0.0,0.0,0.0,0.0,0.0,0.0,0.0,0.0,0.0,0.0,0.0,0.0,0.0,0.0,0.0,0.0,0.0,0.0,0.0,0.0,0.0,0.0,0.0,0.0,0.0,0.0,0.0,0.0,0.0,0.0,0.0,4082155520.0,669208576.0,54740807680.0,40455417856.0,0.0,0.0
1556277255.391,0.0,0.188,99.750,0.062,0.0,0.0,0.0,0.0,0.0,0.0,0.0,49152.0,0.0,0.0,0.0,0.0,0.0,0.0,0.0,0.0,0.0,0.0,0.0,0.0,0.0,0.0,0.0,0.0,0.0,0.0,0.0,3.0,0.0,0.0,0.0,0.0,0.0,0.0,4081901568.0,669208576.0,54740807680.0,40455671808.0,0.0,0.0
1556277256.391,0.688,0.250,99.061,0.0,0.0,0.0,0.0,0.0,0.0,261.0,0.0,0.0,0.0,40960.0,0.0,0.0,0.0,0.0,0.0,0.0,0.0,0.0,0.0,0.0,0.0,0.0,0.0,0.0,0.0,0.0,0.0,0.0,0.0,8.0,0.0,0.0,0.0,0.0,4060344320.0,669208576.0,54740807680.0,40477229056.0,0.0,0.0
1556277257.391,0.250,0.188,99.562,0.0,0.0,0.0,168.0,102.0,168.0,102.0,0.0,0.0,0.0,0.0,0.0,0.0,0.0,0.0,0.0,0.0,0.0,0.0,0.0,0.0,0.0,0.0,0.0,0.0,0.0,0.0,0.0,0.0,0.0,0.0,0.0,0.0,0.0,0.0,4025413632.0,669208576.0,54740807680.0,40512159744.0,0.0,0.0
1556277258.391,1.881,1.944,96.050,0.0,0.0,0.125,477.0,270.0,1.84467440737e+19,1.84467440737e+19,0.0,172032.0,0.0,0.0,0.0,0.0,0.0,0.0,0.0,0.0,0.0,0.0,0.0,0.0,0.0,0.0,0.0,0.0,0.0,0.0,0.0,56.0,0.0,0.0,0.0,0.0,0.0,0.0,4005273600.0,669208576.0,54740807680.0,40532299776.0,0.0,0.0
1556277259.391,4.293,2.273,93.056,0.189,0.0,0.189,1067.0,521.0,1.84467440737e+19,1.84467440737e+19,24576.0,2416640.0,0.0,0.0,0.0,0.0,0.0,0.0,4.0,20.0,0.0,0.0,0.0,0.0,0.0,0.0,0.0,0.0,0.0,0.0,1.0,151.0,0.0,0.0,0.0,0.0,0.0,0.0,3917045760.0,669208576.0,54712684544.0,40648650752.0,0.0,0.0
1556277260.391,0.0,0.125,99.875,0.0,0.0,0.0,477.0,262.0,477.0,262.0,0.0,0.0,0.0,0.0,0.0,0.0,0.0,0.0,0.0,0.0,0.0,0.0,0.0,0.0,0.0,0.0,0.0,0.0,0.0,0.0,0.0,0.0,0.0,0.0,0.0,0.0,0.0,0.0,3914821632.0,669208576.0,54712565760.0,40650993664.0,0.0,0.0
1556277261.391,0.062,0.250,99.625,0.062,0.0,0.0,0.0,0.0,0.0,0.0,0.0,872448.0,0.0,483328.0,0.0,0.0,0.0,0.0,0.0,24.0,0.0,0.0,0.0,0.0,0.0,0.0,0.0,0.0,0.0,0.0,0.0,122.0,0.0,118.0,0.0,0.0,0.0,0.0,3914694656.0,669208576.0,54712565760.0,40651120640.0,0.0,0.0
1556277262.391,0.0,0.125,99.875,0.0,0.0,0.0,576.0,510.0,576.0,510.0,0.0,0.0,0.0,28672.0,0.0,0.0,0.0,0.0,0.0,0.0,0.0,0.0,0.0,0.0,0.0,0.0,0.0,0.0,0.0,0.0,0.0,0.0,0.0,7.0,0.0,0.0,0.0,0.0,3914579968.0,669208576.0,54712565760.0,40651235328.0,0.0,0.0
1556277263.391,0.0,0.125,99.875,0.0,0.0,0.0,2604.0,2142.0,2604.0,2142.0,0.0,0.0,0.0,0.0,0.0,0.0,0.0,0.0,0.0,0.0,0.0,0.0,0.0,0.0,0.0,0.0,0.0,0.0,0.0,0.0,0.0,0.0,0.0,0.0,0.0,0.0,0.0,0.0,3913691136.0,669208576.0,54712565760.0,40652124160.0,0.0,0.0
1556277264.391,0.0,0.125,99.875,0.0,0.0,0.0,168.0,102.0,168.0,102.0,0.0,0.0,0.0,0.0,0.0,0.0,0.0,0.0,0.0,0.0,0.0,0.0,0.0,0.0,0.0,0.0,0.0,0.0,0.0,0.0,0.0,0.0,0.0,0.0,0.0,0.0,0.0,0.0,3913580544.0,669208576.0,54712565760.0,40652234752.0,0.0,0.0
1556277265.391,0.062,0.125,99.750,0.062,0.0,0.0,234.0,102.0,234.0,102.0,0.0,155648.0,0.0,0.0,0.0,0.0,0.0,0.0,0.0,0.0,0.0,0.0,0.0,0.0,0.0,0.0,0.0,0.0,0.0,0.0,0.0,5.0,0.0,0.0,0.0,0.0,0.0,0.0,3913072640.0,669208576.0,54712565760.0,40652742656.0,0.0,0.0
1556277266.391,0.0,0.188,99.812,0.0,0.0,0.0,438.0,306.0,438.0,306.0,0.0,0.0,0.0,0.0,0.0,0.0,0.0,0.0,0.0,0.0,0.0,0.0,0.0,0.0,0.0,0.0,0.0,0.0,0.0,0.0,0.0,0.0,0.0,0.0,0.0,0.0,0.0,0.0,3912089600.0,669208576.0,54712565760.0,40653725696.0,0.0,0.0
1556277267.391,0.0,0.125,99.875,0.0,0.0,0.0,372.0,306.0,372.0,306.0,0.0,0.0,0.0,0.0,0.0,0.0,0.0,0.0,0.0,0.0,0.0,0.0,0.0,0.0,0.0,0.0,0.0,0.0,0.0,0.0,0.0,0.0,0.0,0.0,0.0,0.0,0.0,0.0,3911958528.0,669208576.0,54712569856.0,40653852672.0,0.0,0.0
1556277268.391,0.062,0.187,99.750,0.0,0.0,0.0,234.0,102.0,234.0,102.0,0.0,0.0,0.0,12288.0,0.0,0.0,0.0,0.0,0.0,0.0,0.0,0.0,0.0,0.0,0.0,0.0,0.0,0.0,0.0,0.0,0.0,0.0,0.0,3.0,0.0,0.0,0.0,0.0,3911577600.0,669208576.0,54712569856.0,40654233600.0,0.0,0.0
1556277269.391,0.062,0.312,99.625,0.0,0.0,0.0,438.0,534.0,438.0,534.0,0.0,0.0,0.0,0.0,0.0,0.0,0.0,0.0,0.0,0.0,0.0,0.0,0.0,0.0,0.0,0.0,0.0,0.0,0.0,0.0,0.0,0.0,0.0,0.0,0.0,0.0,0.0,0.0,3909836800.0,669208576.0,54712569856.0,40655974400.0,0.0,0.0
1556277270.391,0.062,0.125,99.812,0.0,0.0,0.0,132.0,0.0,132.0,0.0,0.0,0.0,0.0,0.0,0.0,0.0,0.0,0.0,0.0,0.0,0.0,0.0,0.0,0.0,0.0,0.0,0.0,0.0,0.0,0.0,0.0,0.0,0.0,0.0,0.0,0.0,0.0,0.0,3908628480.0,669208576.0,54712565760.0,40657186816.0,0.0,0.0
1556277271.391,0.0,0.125,99.875,0.0,0.0,0.0,0.0,0.0,0.0,0.0,0.0,0.0,0.0,16384.0,0.0,0.0,0.0,0.0,0.0,0.0,0.0,0.0,0.0,0.0,0.0,0.0,0.0,0.0,0.0,0.0,0.0,0.0,0.0,3.0,0.0,0.0,0.0,0.0,3907084288.0,669208576.0,54712565760.0,40658731008.0,0.0,0.0
1556277272.391,0.0,0.125,99.875,0.0,0.0,0.0,0.0,0.0,0.0,0.0,0.0,0.0,0.0,0.0,0.0,4096.0,0.0,0.0,0.0,0.0,0.0,0.0,0.0,0.0,0.0,0.0,0.0,0.0,0.0,0.0,0.0,0.0,0.0,0.0,0.0,1.0,0.0,0.0,3906056192.0,669208576.0,54712565760.0,40659759104.0,0.0,0.0
1556277273.391,0.062,0.187,99.750,0.0,0.0,0.0,0.0,0.0,0.0,0.0,0.0,0.0,0.0,0.0,0.0,0.0,0.0,0.0,0.0,0.0,0.0,0.0,0.0,0.0,0.0,0.0,0.0,0.0,0.0,0.0,0.0,0.0,0.0,0.0,0.0,0.0,0.0,0.0,3905675264.0,669208576.0,54712565760.0,40660140032.0,0.0,0.0
1556277274.391,0.0,0.125,99.812,0.063,0.0,0.0,0.0,0.0,0.0,0.0,0.0,0.0,0.0,32768.0,0.0,0.0,0.0,0.0,0.0,0.0,0.0,0.0,0.0,0.0,0.0,0.0,0.0,0.0,0.0,0.0,0.0,0.0,0.0,8.0,0.0,0.0,0.0,0.0,3905404928.0,669208576.0,54712565760.0,40660410368.0,0.0,0.0
1556277275.391,0.0,0.188,99.812,0.0,0.0,0.0,0.0,0.0,0.0,0.0,0.0,0.0,0.0,0.0,0.0,0.0,0.0,0.0,0.0,0.0,0.0,0.0,0.0,0.0,0.0,0.0,0.0,0.0,0.0,0.0,0.0,0.0,0.0,0.0,0.0,0.0,0.0,0.0,3905126400.0,669208576.0,54712565760.0,40660688896.0,0.0,0.0
1556277276.391,0.062,0.187,99.688,0.062,0.0,0.0,0.0,0.0,0.0,0.0,0.0,0.0,0.0,221184.0,0.0,0.0,0.0,0.0,0.0,0.0,0.0,0.0,0.0,0.0,0.0,0.0,0.0,0.0,0.0,0.0,0.0,0.0,0.0,30.0,0.0,0.0,0.0,0.0,3904729088.0,669208576.0,54712565760.0,40661086208.0,0.0,0.0
1556277277.391,0.0,0.125,99.875,0.0,0.0,0.0,0.0,0.0,0.0,0.0,0.0,0.0,0.0,0.0,0.0,770048.0,0.0,0.0,0.0,0.0,0.0,0.0,0.0,0.0,0.0,0.0,0.0,0.0,0.0,0.0,0.0,0.0,0.0,0.0,0.0,164.0,0.0,0.0,3904475136.0,669208576.0,54712565760.0,40661340160.0,0.0,0.0
1556277278.391,0.0,0.188,99.812,0.0,0.0,0.0,0.0,0.0,0.0,0.0,0.0,0.0,0.0,0.0,0.0,0.0,0.0,0.0,0.0,0.0,0.0,0.0,0.0,0.0,0.0,0.0,0.0,0.0,0.0,0.0,0.0,0.0,0.0,0.0,0.0,0.0,0.0,0.0,3904327680.0,669208576.0,54712565760.0,40661487616.0,0.0,0.0
1556277279.391,0.0,0.188,99.812,0.0,0.0,0.0,0.0,0.0,0.0,0.0,0.0,0.0,0.0,0.0,0.0,0.0,0.0,0.0,0.0,0.0,0.0,0.0,0.0,0.0,0.0,0.0,0.0,0.0,0.0,0.0,0.0,0.0,0.0,0.0,0.0,0.0,0.0,0.0,3904327680.0,669208576.0,54712565760.0,40661487616.0,0.0,0.0
1556277280.391,0.062,0.187,99.750,0.0,0.0,0.0,0.0,0.0,0.0,0.0,0.0,0.0,0.0,90112.0,0.0,0.0,0.0,0.0,0.0,0.0,0.0,0.0,0.0,0.0,0.0,0.0,0.0,0.0,0.0,0.0,0.0,0.0,0.0,22.0,0.0,0.0,0.0,0.0,3904057344.0,669208576.0,54712565760.0,40661757952.0,0.0,0.0
1556277281.391,0.0,0.063,99.937,0.0,0.0,0.0,102.0,102.0,102.0,102.0,0.0,0.0,0.0,0.0,0.0,0.0,0.0,0.0,0.0,0.0,0.0,0.0,0.0,0.0,0.0,0.0,0.0,0.0,0.0,0.0,0.0,0.0,0.0,0.0,0.0,0.0,0.0,0.0,3903795200.0,669208576.0,54712565760.0,40662020096.0,0.0,0.0
1556277282.391,0.062,0.250,99.688,0.0,0.0,0.0,66.0,0.0,66.0,0.0,0.0,0.0,0.0,0.0,0.0,81920.0,0.0,0.0,0.0,0.0,0.0,0.0,0.0,0.0,0.0,0.0,0.0,0.0,0.0,0.0,0.0,0.0,0.0,0.0,0.0,20.0,0.0,0.0,3903778816.0,669208576.0,54712565760.0,40662036480.0,0.0,0.0
1556277283.391,0.063,0.063,99.875,0.0,0.0,0.0,0.0,0.0,0.0,0.0,0.0,0.0,0.0,0.0,0.0,0.0,0.0,0.0,0.0,0.0,0.0,0.0,0.0,0.0,0.0,0.0,0.0,0.0,0.0,0.0,0.0,0.0,0.0,0.0,0.0,0.0,0.0,0.0,3903328256.0,669208576.0,54712565760.0,40662487040.0,0.0,0.0
1556277284.391,0.0,0.125,99.812,0.063,0.0,0.0,168.0,204.0,168.0,204.0,0.0,0.0,0.0,0.0,0.0,0.0,0.0,0.0,0.0,0.0,0.0,0.0,0.0,0.0,0.0,0.0,0.0,0.0,0.0,0.0,0.0,0.0,0.0,0.0,0.0,0.0,0.0,0.0,3903262720.0,669208576.0,54712569856.0,40662548480.0,0.0,0.0
1556277285.391,0.0,0.250,99.750,0.0,0.0,0.0,0.0,0.0,0.0,0.0,0.0,0.0,0.0,0.0,0.0,0.0,0.0,0.0,0.0,0.0,0.0,0.0,0.0,0.0,0.0,0.0,0.0,0.0,0.0,0.0,0.0,0.0,0.0,0.0,0.0,0.0,0.0,0.0,3903262720.0,669208576.0,54712569856.0,40662548480.0,0.0,0.0
1556277286.391,0.0,0.188,99.812,0.0,0.0,0.0,0.0,0.0,0.0,0.0,0.0,0.0,0.0,12288.0,0.0,0.0,0.0,0.0,0.0,0.0,0.0,0.0,0.0,0.0,0.0,0.0,0.0,0.0,0.0,0.0,0.0,0.0,0.0,3.0,0.0,0.0,0.0,0.0,3903180800.0,669208576.0,54712569856.0,40662630400.0,0.0,0.0
1556277287.391,0.062,0.125,99.812,0.0,0.0,0.0,270.0,204.0,270.0,204.0,0.0,0.0,0.0,0.0,0.0,0.0,0.0,0.0,0.0,0.0,0.0,0.0,0.0,0.0,0.0,0.0,0.0,0.0,0.0,0.0,0.0,0.0,0.0,0.0,0.0,0.0,0.0,0.0,3903180800.0,669208576.0,54712569856.0,40662630400.0,0.0,0.0
1556277288.391,0.062,0.187,99.688,0.062,0.0,0.0,168.0,204.0,168.0,204.0,0.0,0.0,0.0,0.0,0.0,0.0,0.0,0.0,0.0,0.0,0.0,0.0,0.0,0.0,0.0,0.0,0.0,0.0,0.0,0.0,0.0,0.0,0.0,0.0,0.0,0.0,0.0,0.0,3903148032.0,669208576.0,54712569856.0,40662663168.0,0.0,0.0
1556277289.391,0.0,0.188,99.812,0.0,0.0,0.0,66.0,0.0,66.0,0.0,0.0,0.0,0.0,0.0,0.0,0.0,0.0,0.0,0.0,0.0,0.0,0.0,0.0,0.0,0.0,0.0,0.0,0.0,0.0,0.0,0.0,0.0,0.0,0.0,0.0,0.0,0.0,0.0,3903021056.0,669208576.0,54712569856.0,40662790144.0,0.0,0.0
1556277290.391,0.0,0.125,99.875,0.0,0.0,0.0,0.0,0.0,0.0,0.0,0.0,0.0,0.0,0.0,0.0,0.0,0.0,0.0,0.0,0.0,0.0,0.0,0.0,0.0,0.0,0.0,0.0,0.0,0.0,0.0,0.0,0.0,0.0,0.0,0.0,0.0,0.0,0.0,3903021056.0,669208576.0,54712569856.0,40662790144.0,0.0,0.0
1556277291.391,0.375,0.250,99.375,0.0,0.0,0.0,0.0,0.0,0.0,0.0,0.0,0.0,0.0,12288.0,0.0,0.0,0.0,0.0,0.0,0.0,0.0,0.0,0.0,0.0,0.0,0.0,0.0,0.0,0.0,0.0,0.0,0.0,0.0,2.0,0.0,0.0,0.0,0.0,3902894080.0,669208576.0,54712569856.0,40662917120.0,0.0,0.0
1556277292.391,0.0,0.125,99.812,0.063,0.0,0.0,0.0,0.0,0.0,0.0,0.0,0.0,0.0,24576.0,0.0,0.0,0.0,0.0,0.0,0.0,0.0,0.0,0.0,0.0,0.0,0.0,0.0,0.0,0.0,0.0,0.0,0.0,0.0,6.0,0.0,0.0,0.0,0.0,3903037440.0,669208576.0,54712569856.0,40662773760.0,0.0,0.0
1556277293.391,0.0,0.125,99.875,0.0,0.0,0.0,0.0,0.0,0.0,0.0,0.0,0.0,0.0,0.0,0.0,0.0,0.0,0.0,0.0,0.0,0.0,0.0,0.0,0.0,0.0,0.0,0.0,0.0,0.0,0.0,0.0,0.0,0.0,0.0,0.0,0.0,0.0,0.0,3902656512.0,669208576.0,54712569856.0,40663154688.0,0.0,0.0
1556277294.391,0.0,0.188,99.812,0.0,0.0,0.0,0.0,0.0,0.0,0.0,0.0,0.0,0.0,0.0,0.0,0.0,0.0,0.0,0.0,0.0,0.0,0.0,0.0,0.0,0.0,0.0,0.0,0.0,0.0,0.0,0.0,0.0,0.0,0.0,0.0,0.0,0.0,0.0,3902472192.0,669208576.0,54712569856.0,40663339008.0,0.0,0.0
1556277295.391,0.062,0.188,99.750,0.0,0.0,0.0,0.0,0.0,0.0,0.0,0.0,0.0,0.0,0.0,0.0,0.0,0.0,0.0,0.0,0.0,0.0,0.0,0.0,0.0,0.0,0.0,0.0,0.0,0.0,0.0,0.0,0.0,0.0,0.0,0.0,0.0,0.0,0.0,3902472192.0,669208576.0,54712569856.0,40663339008.0,0.0,0.0
1556277296.391,0.062,0.125,99.750,0.062,0.0,0.0,0.0,0.0,0.0,0.0,0.0,0.0,0.0,106496.0,0.0,0.0,0.0,0.0,0.0,0.0,0.0,0.0,0.0,0.0,0.0,0.0,0.0,0.0,0.0,0.0,0.0,0.0,0.0,26.0,0.0,0.0,0.0,0.0,3902472192.0,669208576.0,54712569856.0,40663339008.0,0.0,0.0
1556277297.391,0.0,0.125,99.875,0.0,0.0,0.0,0.0,0.0,0.0,0.0,0.0,0.0,0.0,0.0,0.0,0.0,0.0,0.0,0.0,0.0,0.0,0.0,0.0,0.0,0.0,0.0,0.0,0.0,0.0,0.0,0.0,0.0,0.0,0.0,0.0,0.0,0.0,0.0,3902472192.0,669208576.0,54712569856.0,40663339008.0,0.0,0.0
1556277298.391,0.062,0.188,99.750,0.0,0.0,0.0,0.0,0.0,0.0,0.0,0.0,135168.0,0.0,12288.0,0.0,0.0,0.0,0.0,0.0,0.0,0.0,0.0,0.0,0.0,0.0,0.0,0.0,0.0,0.0,0.0,0.0,25.0,0.0,3.0,0.0,0.0,0.0,0.0,3902472192.0,669208576.0,54712569856.0,40663339008.0,0.0,0.0
1556277299.391,0.062,0.188,99.750,0.0,0.0,0.0,0.0,0.0,0.0,0.0,0.0,0.0,0.0,0.0,0.0,0.0,0.0,0.0,0.0,0.0,0.0,0.0,0.0,0.0,0.0,0.0,0.0,0.0,0.0,0.0,0.0,0.0,0.0,0.0,0.0,0.0,0.0,0.0,3902468096.0,669208576.0,54712569856.0,40663343104.0,0.0,0.0
1556277300.391,1.567,0.251,98.182,0.0,0.0,0.0,0.0,0.0,0.0,0.0,0.0,0.0,0.0,0.0,0.0,0.0,0.0,0.0,0.0,0.0,0.0,0.0,0.0,0.0,0.0,0.0,0.0,0.0,0.0,0.0,0.0,0.0,0.0,0.0,0.0,0.0,0.0,0.0,3902464000.0,669208576.0,54712569856.0,40663347200.0,0.0,0.0
1556277301.391,0.062,0.187,99.750,0.0,0.0,0.0,0.0,66.0,0.0,66.0,0.0,0.0,0.0,0.0,0.0,0.0,0.0,0.0,0.0,0.0,0.0,0.0,0.0,0.0,0.0,0.0,0.0,0.0,0.0,0.0,0.0,0.0,0.0,0.0,0.0,0.0,0.0,0.0,3902590976.0,669208576.0,54712573952.0,40663216128.0,0.0,0.0
1556277302.391,0.0,0.188,99.750,0.062,0.0,0.0,0.0,0.0,0.0,0.0,0.0,0.0,0.0,0.0,0.0,0.0,0.0,0.0,0.0,0.0,0.0,0.0,0.0,0.0,0.0,0.0,0.0,0.0,0.0,0.0,0.0,0.0,0.0,0.0,0.0,0.0,0.0,0.0,3902447616.0,669208576.0,54712573952.0,40663359488.0,0.0,0.0
1556277303.391,0.0,0.125,99.875,0.0,0.0,0.0,0.0,0.0,0.0,0.0,0.0,0.0,0.0,0.0,0.0,0.0,0.0,0.0,0.0,0.0,0.0,0.0,0.0,0.0,0.0,0.0,0.0,0.0,0.0,0.0,0.0,0.0,0.0,0.0,0.0,0.0,0.0,0.0,3902263296.0,669208576.0,54712573952.0,40663543808.0,0.0,0.0
1556277304.391,0.0,0.188,99.812,0.0,0.0,0.0,0.0,0.0,0.0,0.0,0.0,0.0,0.0,12288.0,0.0,0.0,0.0,0.0,0.0,0.0,0.0,0.0,0.0,0.0,0.0,0.0,0.0,0.0,0.0,0.0,0.0,0.0,0.0,3.0,0.0,0.0,0.0,0.0,3902136320.0,669208576.0,54712573952.0,40663670784.0,0.0,0.0
1556277305.391,0.063,0.125,99.812,0.0,0.0,0.0,0.0,0.0,0.0,0.0,0.0,0.0,0.0,0.0,0.0,0.0,0.0,0.0,0.0,0.0,0.0,0.0,0.0,0.0,0.0,0.0,0.0,0.0,0.0,0.0,0.0,0.0,0.0,0.0,0.0,0.0,0.0,0.0,3901911040.0,669208576.0,54712573952.0,40663896064.0,0.0,0.0
1556277306.391,0.062,0.187,99.688,0.062,0.0,0.0,0.0,0.0,0.0,0.0,0.0,0.0,0.0,0.0,0.0,0.0,0.0,0.0,0.0,0.0,0.0,0.0,0.0,0.0,0.0,0.0,0.0,0.0,0.0,0.0,0.0,0.0,0.0,0.0,0.0,0.0,0.0,0.0,3901911040.0,669208576.0,54712573952.0,40663896064.0,0.0,0.0
1556277307.391,0.0,0.125,99.875,0.0,0.0,0.0,0.0,0.0,0.0,0.0,0.0,40960.0,0.0,0.0,0.0,90112.0,0.0,0.0,0.0,0.0,0.0,0.0,0.0,0.0,0.0,0.0,0.0,0.0,0.0,0.0,0.0,3.0,0.0,0.0,0.0,22.0,0.0,0.0,3901767680.0,669208576.0,54712573952.0,40664039424.0,0.0,0.0
1556277308.391,0.0,0.125,99.875,0.0,0.0,0.0,0.0,0.0,0.0,0.0,0.0,0.0,0.0,0.0,0.0,0.0,0.0,0.0,0.0,0.0,0.0,0.0,0.0,0.0,0.0,0.0,0.0,0.0,0.0,0.0,0.0,0.0,0.0,0.0,0.0,0.0,0.0,0.0,3901767680.0,669208576.0,54712573952.0,40664039424.0,0.0,0.0
1556277309.391,0.062,0.187,99.750,0.0,0.0,0.0,0.0,0.0,0.0,0.0,0.0,0.0,0.0,0.0,0.0,0.0,0.0,0.0,0.0,0.0,0.0,0.0,0.0,0.0,0.0,0.0,0.0,0.0,0.0,0.0,0.0,0.0,0.0,0.0,0.0,0.0,0.0,0.0,3901767680.0,669208576.0,54712573952.0,40664039424.0,0.0,0.0
1556277310.391,0.0,0.125,99.875,0.0,0.0,0.0,0.0,0.0,0.0,0.0,0.0,0.0,0.0,12288.0,0.0,0.0,0.0,0.0,0.0,0.0,0.0,0.0,0.0,0.0,0.0,0.0,0.0,0.0,0.0,0.0,0.0,0.0,0.0,3.0,0.0,0.0,0.0,0.0,3901767680.0,669208576.0,54712573952.0,40664039424.0,0.0,0.0
1556277311.391,0.0,0.125,99.875,0.0,0.0,0.0,0.0,0.0,0.0,0.0,0.0,0.0,0.0,0.0,0.0,0.0,0.0,0.0,0.0,0.0,0.0,0.0,0.0,0.0,0.0,0.0,0.0,0.0,0.0,0.0,0.0,0.0,0.0,0.0,0.0,0.0,0.0,0.0,3901661184.0,669208576.0,54712573952.0,40664145920.0,0.0,0.0
1556277312.391,0.062,0.188,99.750,0.0,0.0,0.0,0.0,0.0,0.0,0.0,0.0,0.0,0.0,0.0,0.0,0.0,0.0,0.0,0.0,0.0,0.0,0.0,0.0,0.0,0.0,0.0,0.0,0.0,0.0,0.0,0.0,0.0,0.0,0.0,0.0,0.0,0.0,0.0,3901661184.0,669208576.0,54712573952.0,40664145920.0,0.0,0.0
1556277313.391,0.0,0.187,99.813,0.0,0.0,0.0,0.0,0.0,0.0,0.0,0.0,0.0,0.0,0.0,0.0,0.0,0.0,0.0,0.0,0.0,0.0,0.0,0.0,0.0,0.0,0.0,0.0,0.0,0.0,0.0,0.0,0.0,0.0,0.0,0.0,0.0,0.0,0.0,3901661184.0,669208576.0,54712573952.0,40664145920.0,0.0,0.0
1556277314.391,0.0,0.125,99.812,0.063,0.0,0.0,0.0,0.0,0.0,0.0,0.0,0.0,0.0,0.0,0.0,0.0,0.0,0.0,0.0,0.0,0.0,0.0,0.0,0.0,0.0,0.0,0.0,0.0,0.0,0.0,0.0,0.0,0.0,0.0,0.0,0.0,0.0,0.0,3901661184.0,669208576.0,54712573952.0,40664145920.0,0.0,0.0
1556277315.390,0.0,0.125,99.875,0.0,0.0,0.0,0.0,0.0,0.0,0.0,0.0,0.0,0.0,0.0,0.0,0.0,0.0,0.0,0.0,0.0,0.0,0.0,0.0,0.0,0.0,0.0,0.0,0.0,0.0,0.0,0.0,0.0,0.0,0.0,0.0,0.0,0.0,0.0,3901661184.0,669208576.0,54712573952.0,40664145920.0,0.0,0.0
1556277316.391,0.0,0.187,99.813,0.0,0.0,0.0,0.0,0.0,0.0,0.0,0.0,0.0,0.0,12288.0,0.0,0.0,0.0,0.0,0.0,0.0,0.0,0.0,0.0,0.0,0.0,0.0,0.0,0.0,0.0,0.0,0.0,0.0,0.0,3.0,0.0,0.0,0.0,0.0,3901788160.0,669208576.0,54712573952.0,40664018944.0,0.0,0.0
1556277317.391,0.0,0.125,99.875,0.0,0.0,0.0,0.0,0.0,0.0,0.0,0.0,0.0,0.0,0.0,0.0,0.0,0.0,0.0,0.0,0.0,0.0,0.0,0.0,0.0,0.0,0.0,0.0,0.0,0.0,0.0,0.0,0.0,0.0,0.0,0.0,0.0,0.0,0.0,3902017536.0,669208576.0,54712573952.0,40663789568.0,0.0,0.0
1556277318.391,0.0,0.187,99.813,0.0,0.0,0.0,0.0,0.0,0.0,0.0,0.0,0.0,0.0,0.0,0.0,0.0,0.0,0.0,0.0,0.0,0.0,0.0,0.0,0.0,0.0,0.0,0.0,0.0,0.0,0.0,0.0,0.0,0.0,0.0,0.0,0.0,0.0,0.0,3901890560.0,669208576.0,54712573952.0,40663916544.0,0.0,0.0
1556277319.391,0.062,0.250,99.625,0.062,0.0,0.0,0.0,0.0,0.0,0.0,0.0,0.0,0.0,0.0,0.0,0.0,0.0,0.0,0.0,0.0,0.0,0.0,0.0,0.0,0.0,0.0,0.0,0.0,0.0,0.0,0.0,0.0,0.0,0.0,0.0,0.0,0.0,0.0,3901886464.0,669208576.0,54712578048.0,40663916544.0,0.0,0.0
1556277320.391,0.0,0.188,99.812,0.0,0.0,0.0,0.0,0.0,0.0,0.0,0.0,0.0,0.0,0.0,0.0,0.0,0.0,0.0,0.0,0.0,0.0,0.0,0.0,0.0,0.0,0.0,0.0,0.0,0.0,0.0,0.0,0.0,0.0,0.0,0.0,0.0,0.0,0.0,3901886464.0,669208576.0,54712578048.0,40663916544.0,0.0,0.0
1556277321.391,0.0,0.125,99.875,0.0,0.0,0.0,0.0,0.0,0.0,0.0,0.0,0.0,0.0,0.0,0.0,0.0,0.0,0.0,0.0,0.0,0.0,0.0,0.0,0.0,0.0,0.0,0.0,0.0,0.0,0.0,0.0,0.0,0.0,0.0,0.0,0.0,0.0,0.0,3901759488.0,669208576.0,54712578048.0,40664043520.0,0.0,0.0
1556277322.391,0.0,0.125,99.875,0.0,0.0,0.0,0.0,0.0,0.0,0.0,0.0,0.0,0.0,12288.0,0.0,0.0,0.0,0.0,0.0,0.0,0.0,0.0,0.0,0.0,0.0,0.0,0.0,0.0,0.0,0.0,0.0,0.0,0.0,3.0,0.0,0.0,0.0,0.0,3901759488.0,669208576.0,54712578048.0,40664043520.0,0.0,0.0
1556277323.391,0.062,0.188,99.750,0.0,0.0,0.0,0.0,0.0,0.0,0.0,0.0,0.0,0.0,0.0,0.0,0.0,0.0,0.0,0.0,0.0,0.0,0.0,0.0,0.0,0.0,0.0,0.0,0.0,0.0,0.0,0.0,0.0,0.0,0.0,0.0,0.0,0.0,0.0,3901759488.0,669208576.0,54712578048.0,40664043520.0,0.0,0.0
1556277324.391,0.062,0.187,99.750,0.0,0.0,0.0,102.0,102.0,102.0,102.0,0.0,0.0,0.0,0.0,0.0,0.0,0.0,0.0,0.0,0.0,0.0,0.0,0.0,0.0,0.0,0.0,0.0,0.0,0.0,0.0,0.0,0.0,0.0,0.0,0.0,0.0,0.0,0.0,3901759488.0,669208576.0,54712578048.0,40664043520.0,0.0,0.0
1556277325.391,0.0,0.125,99.812,0.062,0.0,0.0,66.0,0.0,66.0,0.0,0.0,0.0,0.0,0.0,0.0,0.0,0.0,0.0,0.0,0.0,0.0,0.0,0.0,0.0,0.0,0.0,0.0,0.0,0.0,0.0,0.0,0.0,0.0,0.0,0.0,0.0,0.0,0.0,3901759488.0,669208576.0,54712578048.0,40664043520.0,0.0,0.0
1556277326.391,0.0,0.125,99.875,0.0,0.0,0.0,102.0,102.0,102.0,102.0,0.0,0.0,0.0,12288.0,0.0,0.0,0.0,0.0,0.0,0.0,0.0,0.0,0.0,0.0,0.0,0.0,0.0,0.0,0.0,0.0,0.0,0.0,0.0,1.0,0.0,0.0,0.0,0.0,3901759488.0,669208576.0,54712578048.0,40664043520.0,0.0,0.0
1556277327.391,0.0,0.188,99.812,0.0,0.0,0.0,66.0,0.0,66.0,0.0,0.0,0.0,0.0,0.0,0.0,0.0,0.0,0.0,0.0,0.0,0.0,0.0,0.0,0.0,0.0,0.0,0.0,0.0,0.0,0.0,0.0,0.0,0.0,0.0,0.0,0.0,0.0,0.0,3901792256.0,669208576.0,54712578048.0,40664010752.0,0.0,0.0
1556277328.391,0.062,0.125,99.812,0.0,0.0,0.0,408.0,408.0,408.0,408.0,0.0,0.0,0.0,24576.0,0.0,0.0,0.0,0.0,0.0,0.0,0.0,0.0,0.0,0.0,0.0,0.0,0.0,0.0,0.0,0.0,0.0,0.0,0.0,6.0,0.0,0.0,0.0,0.0,3901607936.0,669208576.0,54712578048.0,40664195072.0,0.0,0.0
1556277329.391,0.0,0.312,99.625,0.062,0.0,0.0,438.0,306.0,438.0,306.0,0.0,0.0,0.0,0.0,0.0,0.0,0.0,0.0,0.0,0.0,0.0,0.0,0.0,0.0,0.0,0.0,0.0,0.0,0.0,0.0,0.0,0.0,0.0,0.0,0.0,0.0,0.0,0.0,3901575168.0,669208576.0,54712578048.0,40664227840.0,0.0,0.0
1556277330.391,0.063,0.188,99.750,0.0,0.0,0.0,270.0,204.0,270.0,204.0,0.0,0.0,0.0,0.0,0.0,0.0,0.0,0.0,0.0,0.0,0.0,0.0,0.0,0.0,0.0,0.0,0.0,0.0,0.0,0.0,0.0,0.0,0.0,0.0,0.0,0.0,0.0,0.0,3903655936.0,669208576.0,54712578048.0,40662147072.0,0.0,0.0
1556277331.391,0.188,0.188,99.625,0.0,0.0,0.0,644.0,1628.0,644.0,1628.0,0.0,0.0,0.0,8192.0,0.0,0.0,0.0,0.0,0.0,0.0,0.0,0.0,0.0,0.0,0.0,0.0,0.0,0.0,0.0,0.0,0.0,0.0,0.0,2.0,0.0,0.0,0.0,0.0,3906236416.0,669208576.0,54712578048.0,40659566592.0,0.0,0.0
1556277332.391,0.0,0.125,99.875,0.0,0.0,0.0,0.0,0.0,0.0,0.0,0.0,8192.0,0.0,0.0,0.0,0.0,0.0,0.0,0.0,0.0,0.0,0.0,0.0,0.0,0.0,0.0,0.0,0.0,0.0,0.0,0.0,2.0,0.0,0.0,0.0,0.0,0.0,0.0,3906535424.0,669208576.0,54712582144.0,40659263488.0,0.0,0.0
1556277333.391,0.125,0.250,99.625,0.0,0.0,0.0,0.0,0.0,0.0,0.0,0.0,0.0,0.0,0.0,0.0,0.0,0.0,0.0,0.0,0.0,0.0,0.0,0.0,0.0,0.0,0.0,0.0,0.0,0.0,0.0,0.0,0.0,0.0,0.0,0.0,0.0,0.0,0.0,3906408448.0,669208576.0,54712582144.0,40659390464.0,0.0,0.0
1556277334.391,0.0,0.125,99.875,0.0,0.0,0.0,204.0,242.0,204.0,242.0,0.0,0.0,0.0,36864.0,0.0,0.0,0.0,0.0,0.0,0.0,0.0,0.0,0.0,0.0,0.0,0.0,0.0,0.0,0.0,0.0,0.0,0.0,0.0,9.0,0.0,0.0,0.0,0.0,3906150400.0,669208576.0,54712582144.0,40659648512.0,0.0,0.0
1556277335.391,0.0,0.125,99.812,0.063,0.0,0.0,168.0,102.0,168.0,102.0,0.0,0.0,0.0,0.0,0.0,0.0,0.0,0.0,0.0,0.0,0.0,0.0,0.0,0.0,0.0,0.0,0.0,0.0,0.0,0.0,0.0,0.0,0.0,0.0,0.0,0.0,0.0,0.0,3906023424.0,669208576.0,54712582144.0,40659775488.0,0.0,0.0
1556277336.391,0.0,0.188,99.812,0.0,0.0,0.0,234.0,416.0,234.0,416.0,0.0,0.0,0.0,0.0,0.0,0.0,0.0,0.0,0.0,0.0,0.0,0.0,0.0,0.0,0.0,0.0,0.0,0.0,0.0,0.0,0.0,0.0,0.0,0.0,0.0,0.0,0.0,0.0,3903594496.0,669208576.0,54712582144.0,40662204416.0,0.0,0.0
1556277337.391,0.063,0.125,99.812,0.0,0.0,0.0,0.0,0.0,0.0,0.0,0.0,102400.0,0.0,0.0,0.0,0.0,0.0,0.0,0.0,0.0,0.0,0.0,0.0,0.0,0.0,0.0,0.0,0.0,0.0,0.0,0.0,18.0,0.0,0.0,0.0,0.0,0.0,0.0,3903213568.0,669208576.0,54712582144.0,40662585344.0,0.0,0.0
1556277338.391,0.0,0.125,99.875,0.0,0.0,0.0,0.0,0.0,0.0,0.0,0.0,0.0,0.0,0.0,0.0,0.0,0.0,0.0,0.0,0.0,0.0,0.0,0.0,0.0,0.0,0.0,0.0,0.0,0.0,0.0,0.0,0.0,0.0,0.0,0.0,0.0,0.0,0.0,3903127552.0,669208576.0,54712582144.0,40662671360.0,0.0,0.0
1556277339.391,0.062,0.250,99.625,0.062,0.0,0.0,0.0,0.0,0.0,0.0,0.0,0.0,0.0,0.0,0.0,0.0,0.0,0.0,0.0,0.0,0.0,0.0,0.0,0.0,0.0,0.0,0.0,0.0,0.0,0.0,0.0,0.0,0.0,0.0,0.0,0.0,0.0,0.0,3903000576.0,669208576.0,54712582144.0,40662798336.0,0.0,0.0
1556277340.391,0.0,0.125,99.875,0.0,0.0,0.0,0.0,0.0,0.0,0.0,0.0,0.0,0.0,36864.0,0.0,0.0,0.0,0.0,0.0,0.0,0.0,0.0,0.0,0.0,0.0,0.0,0.0,0.0,0.0,0.0,0.0,0.0,0.0,9.0,0.0,0.0,0.0,0.0,3902939136.0,669208576.0,54712582144.0,40662859776.0,0.0,0.0
1556277341.391,0.0,0.063,99.937,0.0,0.0,0.0,0.0,0.0,0.0,0.0,0.0,0.0,0.0,0.0,0.0,0.0,0.0,0.0,0.0,0.0,0.0,0.0,0.0,0.0,0.0,0.0,0.0,0.0,0.0,0.0,0.0,0.0,0.0,0.0,0.0,0.0,0.0,0.0,3902939136.0,669208576.0,54712582144.0,40662859776.0,0.0,0.0
1556277342.391,0.062,0.125,99.812,0.0,0.0,0.0,102.0,102.0,102.0,102.0,0.0,0.0,0.0,0.0,0.0,0.0,0.0,0.0,0.0,0.0,0.0,0.0,0.0,0.0,0.0,0.0,0.0,0.0,0.0,0.0,0.0,0.0,0.0,0.0,0.0,0.0,0.0,0.0,3902812160.0,669208576.0,54712582144.0,40662986752.0,0.0,0.0
1556277343.391,0.0,0.188,99.812,0.0,0.0,0.0,540.0,408.0,540.0,408.0,0.0,0.0,0.0,0.0,0.0,0.0,0.0,0.0,0.0,0.0,0.0,0.0,0.0,0.0,0.0,0.0,0.0,0.0,0.0,0.0,0.0,0.0,0.0,0.0,0.0,0.0,0.0,0.0,3902812160.0,669208576.0,54712582144.0,40662986752.0,0.0,0.0
1556277344.391,0.187,0.187,99.625,0.0,0.0,0.0,760.0,10590.0,760.0,10590.0,0.0,0.0,0.0,0.0,0.0,0.0,0.0,0.0,0.0,0.0,0.0,0.0,0.0,0.0,0.0,0.0,0.0,0.0,0.0,0.0,0.0,0.0,0.0,0.0,0.0,0.0,0.0,0.0,3902844928.0,669208576.0,54712582144.0,40662953984.0,0.0,0.0
1556277345.391,0.0,0.125,99.812,0.062,0.0,0.0,0.0,0.0,0.0,0.0,0.0,0.0,0.0,0.0,0.0,0.0,0.0,0.0,0.0,0.0,0.0,0.0,0.0,0.0,0.0,0.0,0.0,0.0,0.0,0.0,0.0,0.0,0.0,0.0,0.0,0.0,0.0,0.0,3902812160.0,669208576.0,54712582144.0,40662986752.0,0.0,0.0
1556277346.391,0.063,0.188,99.750,0.0,0.0,0.0,168.0,228.0,168.0,228.0,0.0,0.0,0.0,12288.0,0.0,0.0,0.0,0.0,0.0,0.0,0.0,0.0,0.0,0.0,0.0,0.0,0.0,0.0,0.0,0.0,0.0,0.0,0.0,3.0,0.0,0.0,0.0,0.0,3902812160.0,669208576.0,54712582144.0,40662986752.0,0.0,0.0
1556277347.391,0.0,0.125,99.875,0.0,0.0,0.0,204.0,204.0,204.0,204.0,0.0,0.0,0.0,0.0,0.0,0.0,0.0,0.0,0.0,0.0,0.0,0.0,0.0,0.0,0.0,0.0,0.0,0.0,0.0,0.0,0.0,0.0,0.0,0.0,0.0,0.0,0.0,0.0,3903209472.0,669208576.0,54712582144.0,40662589440.0,0.0,0.0
1556277348.391,0.062,0.187,99.750,0.0,0.0,0.0,576.0,510.0,576.0,510.0,0.0,0.0,0.0,0.0,0.0,0.0,0.0,0.0,0.0,0.0,0.0,0.0,0.0,0.0,0.0,0.0,0.0,0.0,0.0,0.0,0.0,0.0,0.0,0.0,0.0,0.0,0.0,0.0,3903082496.0,669208576.0,54712582144.0,40662716416.0,0.0,0.0
1556277349.391,0.125,2.375,97.438,0.062,0.0,0.0,504.0,306.0,504.0,306.0,0.0,0.0,0.0,0.0,0.0,0.0,0.0,0.0,0.0,0.0,0.0,0.0,0.0,0.0,0.0,0.0,0.0,0.0,0.0,0.0,0.0,0.0,0.0,0.0,0.0,0.0,0.0,0.0,3903766528.0,669208576.0,51881033728.0,43493580800.0,0.0,0.0
1556277350.391,0.062,6.371,93.567,0.0,0.0,0.0,0.0,0.0,0.0,0.0,0.0,0.0,0.0,0.0,0.0,0.0,0.0,0.0,0.0,0.0,0.0,0.0,0.0,0.0,0.0,0.0,0.0,0.0,0.0,0.0,0.0,0.0,0.0,0.0,0.0,0.0,0.0,0.0,3900428288.0,669208576.0,43472547840.0,51905404928.0,0.0,0.0
1556277351.391,0.063,6.387,93.550,0.0,0.0,0.0,0.0,0.0,0.0,0.0,0.0,0.0,0.0,4956160.0,0.0,0.0,0.0,0.0,0.0,0.0,0.0,1456.0,0.0,0.0,0.0,0.0,0.0,0.0,0.0,0.0,0.0,0.0,0.0,1209.0,0.0,0.0,0.0,0.0,3894136832.0,669208576.0,34367344640.0,61016899584.0,0.0,0.0
1556277352.391,0.0,6.379,93.621,0.0,0.0,0.0,0.0,0.0,0.0,0.0,0.0,0.0,0.0,0.0,0.0,57344.0,0.0,0.0,0.0,0.0,0.0,0.0,0.0,0.0,0.0,0.0,0.0,0.0,0.0,0.0,0.0,0.0,0.0,0.0,0.0,14.0,0.0,0.0,3878780928.0,669208576.0,26316730368.0,69082869760.0,0.0,0.0
1556277353.391,0.062,6.375,93.562,0.0,0.0,0.0,0.0,0.0,0.0,0.0,0.0,0.0,0.0,0.0,0.0,0.0,0.0,0.0,0.0,0.0,0.0,0.0,0.0,0.0,0.0,0.0,0.0,0.0,0.0,0.0,0.0,0.0,0.0,0.0,0.0,0.0,0.0,0.0,3795001344.0,669208576.0,18420137984.0,77063241728.0,0.0,0.0
1556277354.391,0.062,6.312,93.625,0.0,0.0,0.0,0.0,0.0,0.0,0.0,0.0,0.0,0.0,0.0,0.0,0.0,0.0,0.0,0.0,0.0,0.0,0.0,0.0,0.0,0.0,0.0,0.0,0.0,0.0,0.0,0.0,0.0,0.0,0.0,0.0,0.0,0.0,0.0,3438686208.0,669208576.0,10701586432.0,85138108416.0,0.0,0.0
1556277355.391,0.0,5.569,94.431,0.0,0.0,0.0,0.0,102.0,0.0,102.0,0.0,12288.0,0.0,0.0,0.0,0.0,0.0,0.0,0.0,0.0,0.0,0.0,0.0,0.0,0.0,0.0,0.0,0.0,0.0,0.0,0.0,3.0,0.0,0.0,0.0,0.0,0.0,0.0,2440126464.0,669208576.0,4420481024.0,92417773568.0,0.0,0.0
1556277356.391,0.063,0.125,99.812,0.0,0.0,0.0,66.0,0.0,66.0,0.0,0.0,0.0,0.0,0.0,0.0,0.0,0.0,0.0,0.0,0.0,0.0,0.0,0.0,0.0,0.0,0.0,0.0,0.0,0.0,0.0,0.0,0.0,0.0,0.0,0.0,0.0,0.0,0.0,2440114176.0,669208576.0,4419842048.0,92418424832.0,0.0,0.0
1556277357.391,0.0,0.188,99.812,0.0,0.0,0.0,0.0,0.0,0.0,0.0,0.0,0.0,0.0,1548288.0,0.0,3022848.0,0.0,0.0,0.0,0.0,0.0,0.0,0.0,0.0,0.0,0.0,0.0,0.0,0.0,0.0,0.0,0.0,0.0,378.0,0.0,738.0,0.0,0.0,2439843840.0,669208576.0,4419842048.0,92418695168.0,0.0,0.0
1556277358.391,0.0,0.125,99.812,0.063,0.0,0.0,0.0,0.0,0.0,0.0,0.0,0.0,0.0,0.0,0.0,0.0,0.0,0.0,0.0,0.0,0.0,0.0,0.0,0.0,0.0,0.0,0.0,0.0,0.0,0.0,0.0,0.0,0.0,0.0,0.0,0.0,0.0,0.0,2439585792.0,669208576.0,4419842048.0,92418953216.0,0.0,0.0
1556277359.391,0.062,0.250,99.688,0.0,0.0,0.0,0.0,0.0,0.0,0.0,0.0,0.0,0.0,0.0,0.0,0.0,0.0,0.0,0.0,0.0,0.0,0.0,0.0,0.0,0.0,0.0,0.0,0.0,0.0,0.0,0.0,0.0,0.0,0.0,0.0,0.0,0.0,0.0,2439458816.0,669208576.0,4419842048.0,92419080192.0,0.0,0.0
1556277360.391,1.817,0.188,97.995,0.0,0.0,0.0,0.0,0.0,0.0,0.0,0.0,0.0,0.0,0.0,0.0,0.0,0.0,0.0,0.0,0.0,0.0,0.0,0.0,0.0,0.0,0.0,0.0,0.0,0.0,0.0,0.0,0.0,0.0,0.0,0.0,0.0,0.0,0.0,2439843840.0,669208576.0,4419842048.0,92418695168.0,0.0,0.0
1556277361.391,0.0,0.125,99.875,0.0,0.0,0.0,0.0,0.0,0.0,0.0,0.0,12288.0,0.0,1519616.0,0.0,3002368.0,0.0,0.0,0.0,0.0,0.0,0.0,0.0,4.0,0.0,0.0,0.0,0.0,0.0,0.0,0.0,3.0,0.0,371.0,0.0,733.0,0.0,0.0,2439585792.0,669208576.0,4419842048.0,92418953216.0,0.0,0.0
1556277362.391,0.312,0.188,99.438,0.062,0.0,0.0,0.0,0.0,0.0,0.0,0.0,0.0,0.0,0.0,0.0,0.0,0.0,0.0,0.0,0.0,0.0,0.0,0.0,0.0,0.0,0.0,0.0,0.0,0.0,0.0,0.0,0.0,0.0,0.0,0.0,0.0,0.0,0.0,2439254016.0,669208576.0,4419842048.0,92419284992.0,0.0,0.0
1556277363.391,0.062,0.188,99.750,0.0,0.0,0.0,0.0,0.0,0.0,0.0,0.0,0.0,0.0,24576.0,0.0,0.0,0.0,0.0,0.0,0.0,0.0,0.0,0.0,0.0,0.0,0.0,0.0,0.0,0.0,0.0,0.0,0.0,0.0,6.0,0.0,0.0,0.0,0.0,2439254016.0,669208576.0,4419842048.0,92419284992.0,0.0,0.0
1556277364.391,0.0,0.188,99.812,0.0,0.0,0.0,0.0,0.0,0.0,0.0,0.0,0.0,0.0,0.0,0.0,0.0,0.0,0.0,0.0,0.0,0.0,0.0,0.0,0.0,0.0,0.0,0.0,0.0,0.0,0.0,0.0,0.0,0.0,0.0,0.0,0.0,0.0,0.0,2439127040.0,669208576.0,4419842048.0,92419411968.0,0.0,0.0
1556277365.391,0.0,0.188,99.812,0.0,0.0,0.0,0.0,0.0,0.0,0.0,0.0,0.0,0.0,0.0,0.0,0.0,0.0,0.0,0.0,0.0,0.0,0.0,0.0,0.0,0.0,0.0,0.0,0.0,0.0,0.0,0.0,0.0,0.0,0.0,0.0,0.0,0.0,0.0,2439000064.0,669208576.0,4419842048.0,92419538944.0,0.0,0.0
1556277366.391,0.062,0.187,99.750,0.0,0.0,0.0,0.0,0.0,0.0,0.0,0.0,0.0,0.0,0.0,0.0,0.0,0.0,0.0,0.0,0.0,0.0,0.0,0.0,0.0,0.0,0.0,0.0,0.0,0.0,0.0,0.0,0.0,0.0,0.0,0.0,0.0,0.0,0.0,2438406144.0,669208576.0,4419842048.0,92420132864.0,0.0,0.0
1556277367.391,0.0,0.188,99.812,0.0,0.0,0.0,0.0,0.0,0.0,0.0,0.0,24576.0,0.0,0.0,0.0,0.0,0.0,0.0,0.0,0.0,0.0,0.0,0.0,0.0,0.0,0.0,0.0,0.0,0.0,0.0,0.0,1.0,0.0,0.0,0.0,0.0,0.0,0.0,2438279168.0,669208576.0,4419842048.0,92420259840.0,0.0,0.0
1556277368.391,0.0,0.125,99.812,0.062,0.0,0.0,0.0,0.0,0.0,0.0,0.0,0.0,0.0,0.0,0.0,0.0,0.0,0.0,0.0,0.0,0.0,0.0,0.0,0.0,0.0,0.0,0.0,0.0,0.0,0.0,0.0,0.0,0.0,0.0,0.0,0.0,0.0,0.0,2438152192.0,669208576.0,4419842048.0,92420386816.0,0.0,0.0
1556277369.391,0.0,0.188,99.812,0.0,0.0,0.0,0.0,0.0,0.0,0.0,0.0,0.0,0.0,12288.0,0.0,0.0,0.0,0.0,0.0,0.0,0.0,0.0,0.0,0.0,0.0,0.0,0.0,0.0,0.0,0.0,0.0,0.0,0.0,3.0,0.0,0.0,0.0,0.0,2437742592.0,669208576.0,4419842048.0,92420796416.0,0.0,0.0
1556277370.391,0.0,0.125,99.875,0.0,0.0,0.0,168.0,166.0,168.0,166.0,0.0,0.0,0.0,0.0,0.0,0.0,0.0,0.0,0.0,0.0,0.0,0.0,0.0,0.0,0.0,0.0,0.0,0.0,0.0,0.0,0.0,0.0,0.0,0.0,0.0,0.0,0.0,0.0,2437611520.0,669208576.0,4419846144.0,92420923392.0,0.0,0.0
1556277371.391,0.062,0.125,99.812,0.0,0.0,0.0,0.0,0.0,0.0,0.0,0.0,0.0,0.0,0.0,0.0,0.0,0.0,0.0,0.0,0.0,0.0,0.0,0.0,0.0,0.0,0.0,0.0,0.0,0.0,0.0,0.0,0.0,0.0,0.0,0.0,0.0,0.0,0.0,2437230592.0,669208576.0,4419846144.0,92421304320.0,0.0,0.0
1556277372.391,0.0,0.188,99.750,0.062,0.0,0.0,168.0,228.0,168.0,228.0,0.0,0.0,0.0,0.0,0.0,0.0,0.0,0.0,0.0,0.0,0.0,0.0,0.0,0.0,0.0,0.0,0.0,0.0,0.0,0.0,0.0,0.0,0.0,0.0,0.0,0.0,0.0,0.0,2436931584.0,669208576.0,4419846144.0,92421603328.0,0.0,0.0
1556277373.391,0.063,0.063,99.875,0.0,0.0,0.0,168.0,110.0,168.0,110.0,0.0,20480.0,0.0,0.0,0.0,0.0,0.0,0.0,0.0,0.0,0.0,0.0,0.0,0.0,0.0,0.0,0.0,0.0,0.0,0.0,0.0,3.0,0.0,0.0,0.0,0.0,0.0,0.0,2436804608.0,669208576.0,4419846144.0,92421730304.0,0.0,0.0
1556277374.391,0.0,0.188,99.812,0.0,0.0,0.0,270.0,102.0,270.0,102.0,0.0,0.0,0.0,0.0,0.0,0.0,0.0,0.0,0.0,0.0,0.0,0.0,0.0,0.0,0.0,0.0,0.0,0.0,0.0,0.0,0.0,0.0,0.0,0.0,0.0,0.0,0.0,0.0,2436780032.0,669208576.0,4419846144.0,92421754880.0,0.0,0.0
1556277375.391,0.062,0.187,99.750,0.0,0.0,0.0,66.0,102.0,66.0,102.0,0.0,0.0,0.0,12288.0,0.0,0.0,0.0,0.0,0.0,0.0,0.0,0.0,0.0,0.0,0.0,0.0,0.0,0.0,0.0,0.0,0.0,0.0,0.0,3.0,0.0,0.0,0.0,0.0,2436571136.0,669208576.0,4419846144.0,92421963776.0,0.0,0.0
1556277376.391,0.0,0.125,99.875,0.0,0.0,0.0,0.0,66.0,0.0,66.0,0.0,0.0,0.0,0.0,0.0,0.0,0.0,0.0,0.0,0.0,0.0,0.0,0.0,0.0,0.0,0.0,0.0,0.0,0.0,0.0,0.0,0.0,0.0,0.0,0.0,0.0,0.0,0.0,2436444160.0,669208576.0,4419846144.0,92422090752.0,0.0,0.0
1556277377.391,0.0,0.187,99.813,0.0,0.0,0.0,168.0,204.0,168.0,204.0,0.0,0.0,0.0,0.0,0.0,0.0,0.0,0.0,0.0,0.0,0.0,0.0,0.0,0.0,0.0,0.0,0.0,0.0,0.0,0.0,0.0,0.0,0.0,0.0,0.0,0.0,0.0,0.0,2436444160.0,669208576.0,4419846144.0,92422090752.0,0.0,0.0
1556277378.391,0.312,0.187,99.438,0.062,0.0,0.0,102.0,102.0,102.0,102.0,0.0,0.0,0.0,0.0,0.0,0.0,0.0,0.0,0.0,0.0,0.0,0.0,0.0,0.0,0.0,0.0,0.0,0.0,0.0,0.0,0.0,0.0,0.0,0.0,0.0,0.0,0.0,0.0,2436284416.0,669208576.0,4419846144.0,92422250496.0,0.0,0.0
1556277379.391,0.0,0.188,99.812,0.0,0.0,0.0,1998.0,1734.0,1998.0,1734.0,0.0,0.0,0.0,0.0,0.0,0.0,0.0,0.0,0.0,0.0,0.0,0.0,0.0,0.0,0.0,0.0,0.0,0.0,0.0,0.0,0.0,0.0,0.0,0.0,0.0,0.0,0.0,0.0,2436173824.0,669208576.0,4419846144.0,92422361088.0,0.0,0.0
1556277380.391,0.063,0.125,99.812,0.0,0.0,0.0,1554.0,1224.0,1554.0,1224.0,0.0,0.0,0.0,0.0,0.0,0.0,0.0,0.0,0.0,0.0,0.0,0.0,0.0,0.0,0.0,0.0,0.0,0.0,0.0,0.0,0.0,0.0,0.0,0.0,0.0,0.0,0.0,0.0,2436239360.0,669208576.0,4419846144.0,92422295552.0,0.0,0.0
1556277381.391,0.0,0.188,99.812,0.0,0.0,0.0,0.0,0.0,0.0,0.0,0.0,0.0,0.0,12288.0,0.0,0.0,0.0,0.0,0.0,0.0,0.0,0.0,0.0,0.0,0.0,0.0,0.0,0.0,0.0,0.0,0.0,0.0,0.0,3.0,0.0,0.0,0.0,0.0,2436034560.0,669208576.0,4419846144.0,92422500352.0,0.0,0.0
1556277382.391,0.062,0.188,99.688,0.062,0.0,0.0,0.0,0.0,0.0,0.0,0.0,8192.0,0.0,0.0,0.0,0.0,0.0,0.0,0.0,0.0,0.0,0.0,0.0,0.0,0.0,0.0,0.0,0.0,0.0,0.0,0.0,1.0,0.0,0.0,0.0,0.0,0.0,0.0,2436026368.0,669208576.0,4419846144.0,92422508544.0,0.0,0.0
1556277383.391,0.0,0.125,99.875,0.0,0.0,0.0,0.0,0.0,0.0,0.0,0.0,0.0,0.0,0.0,0.0,0.0,0.0,0.0,0.0,0.0,0.0,0.0,0.0,0.0,0.0,0.0,0.0,0.0,0.0,0.0,0.0,0.0,0.0,0.0,0.0,0.0,0.0,0.0,2436026368.0,669208576.0,4419846144.0,92422508544.0,0.0,0.0
1556277384.391,0.0,0.188,99.812,0.0,0.0,0.0,0.0,0.0,0.0,0.0,0.0,0.0,0.0,0.0,0.0,0.0,0.0,0.0,0.0,0.0,0.0,0.0,0.0,0.0,0.0,0.0,0.0,0.0,0.0,0.0,0.0,0.0,0.0,0.0,0.0,0.0,0.0,0.0,2436026368.0,669208576.0,4419846144.0,92422508544.0,0.0,0.0
1556277385.391,0.0,0.188,99.812,0.0,0.0,0.0,0.0,0.0,0.0,0.0,0.0,0.0,0.0,0.0,0.0,0.0,0.0,0.0,0.0,0.0,0.0,0.0,0.0,0.0,0.0,0.0,0.0,0.0,0.0,0.0,0.0,0.0,0.0,0.0,0.0,0.0,0.0,0.0,2436026368.0,669208576.0,4419846144.0,92422508544.0,0.0,0.0
1556277386.391,0.063,0.125,99.812,0.0,0.0,0.0,432.0,2058.0,432.0,2058.0,0.0,0.0,0.0,0.0,0.0,0.0,0.0,0.0,0.0,0.0,0.0,0.0,0.0,0.0,0.0,0.0,0.0,0.0,0.0,0.0,0.0,0.0,0.0,0.0,0.0,0.0,0.0,0.0,2436026368.0,669208576.0,4419846144.0,92422508544.0,0.0,0.0
